0.00000  0  0  -1 -1 cwnd_ 1.000 
0.12086  0  0  2  0  cwnd_ 2.000 
0.25210  0  0  2  0  cwnd_ 3.000 
0.26210  0  0  2  0  cwnd_ 4.000 
0.38333  0  0  2  0  cwnd_ 5.000 
0.39333  0  0  2  0  cwnd_ 6.000 
0.40333  0  0  2  0  cwnd_ 7.000 
0.41333  0  0  2  0  cwnd_ 8.000 
0.51456  0  0  2  0  cwnd_ 9.000 
0.52456  0  0  2  0  cwnd_ 10.000
0.53456  0  0  2  0  cwnd_ 11.000
0.54456  0  0  2  0  cwnd_ 12.000
0.55456  0  0  2  0  cwnd_ 13.000
0.56456  0  0  2  0  cwnd_ 14.000
0.57456  0  0  2  0  cwnd_ 15.000
0.58456  0  0  2  0  cwnd_ 16.000
0.64579  0  0  2  0  cwnd_ 17.000
0.65579  0  0  2  0  cwnd_ 18.000
0.66579  0  0  2  0  cwnd_ 19.000
0.67579  0  0  2  0  cwnd_ 20.000
0.68579  0  0  2  0  cwnd_ 21.000
0.69579  0  0  2  0  cwnd_ 22.000
0.70579  0  0  2  0  cwnd_ 23.000
0.71579  0  0  2  0  cwnd_ 24.000
0.72579  0  0  2  0  cwnd_ 25.000
0.73579  0  0  2  0  cwnd_ 26.000
0.74579  0  0  2  0  cwnd_ 27.000
0.75579  0  0  2  0  cwnd_ 28.000
0.76579  0  0  2  0  cwnd_ 29.000
0.77579  0  0  2  0  cwnd_ 30.000
0.78579  0  0  2  0  cwnd_ 31.000
0.79579  0  0  2  0  cwnd_ 32.000
0.80579  0  0  2  0  cwnd_ 33.000
0.81579  0  0  2  0  cwnd_ 34.000
0.82579  0  0  2  0  cwnd_ 35.000
0.83579  0  0  2  0  cwnd_ 36.000
0.84579  0  0  2  0  cwnd_ 37.000
0.85579  0  0  2  0  cwnd_ 38.000
0.86579  0  0  2  0  cwnd_ 39.000
0.87579  0  0  2  0  cwnd_ 40.000
0.88579  0  0  2  0  cwnd_ 41.000
0.89579  0  0  2  0  cwnd_ 42.000
0.90579  0  0  2  0  cwnd_ 43.000
0.91579  0  0  2  0  cwnd_ 44.000
0.92579  0  0  2  0  cwnd_ 45.000
0.93579  0  0  2  0  cwnd_ 46.000
0.94579  0  0  2  0  cwnd_ 47.000
0.95579  0  0  2  0  cwnd_ 48.000
0.96579  0  0  2  0  cwnd_ 49.000
0.99579  0  0  2  0  cwnd_ 24.500
1.23579  0  0  2  0  cwnd_ 24.541
1.49579  0  0  2  0  cwnd_ 1.000 
1.62702  0  0  2  0  cwnd_ 2.000 
1.75826  0  0  2  0  cwnd_ 3.000 
1.88949  0  0  2  0  cwnd_ 4.000 
1.90949  0  0  2  0  cwnd_ 5.000 
2.02072  0  0  2  0  cwnd_ 6.000 
2.04072  0  0  2  0  cwnd_ 7.000 
2.06072  0  0  2  0  cwnd_ 8.000 
2.15195  0  0  2  0  cwnd_ 9.000 
2.17195  0  0  2  0  cwnd_ 10.000
2.19195  0  0  2  0  cwnd_ 11.000
2.21195  0  0  2  0  cwnd_ 12.000
2.23195  0  0  2  0  cwnd_ 12.083
2.29318  0  0  2  0  cwnd_ 12.166
2.31318  0  0  2  0  cwnd_ 12.248
2.33318  0  0  2  0  cwnd_ 12.330
2.35318  0  0  2  0  cwnd_ 12.411
2.37318  0  0  2  0  cwnd_ 12.492
2.39318  0  0  2  0  cwnd_ 12.572
2.41442  0  0  2  0  cwnd_ 12.651
2.43442  0  0  2  0  cwnd_ 12.730
2.45442  0  0  2  0  cwnd_ 12.809
2.47442  0  0  2  0  cwnd_ 12.887
2.49442  0  0  2  0  cwnd_ 12.964
2.51442  0  0  2  0  cwnd_ 13.042
2.54565  0  0  2  0  cwnd_ 13.118
2.55565  0  0  2  0  cwnd_ 13.195
2.56565  0  0  2  0  cwnd_ 13.270
2.57565  0  0  2  0  cwnd_ 13.346
2.58565  0  0  2  0  cwnd_ 13.421
2.59565  0  0  2  0  cwnd_ 13.495
2.60565  0  0  2  0  cwnd_ 13.569
2.61565  0  0  2  0  cwnd_ 13.643
2.62565  0  0  2  0  cwnd_ 13.716
2.63565  0  0  2  0  cwnd_ 13.789
2.64565  0  0  2  0  cwnd_ 13.862
2.65565  0  0  2  0  cwnd_ 13.934
2.66565  0  0  2  0  cwnd_ 14.006
2.67565  0  0  2  0  cwnd_ 14.077
2.68565  0  0  2  0  cwnd_ 14.148
2.69688  0  0  2  0  cwnd_ 14.219
2.70688  0  0  2  0  cwnd_ 14.289
2.71688  0  0  2  0  cwnd_ 14.359
2.72688  0  0  2  0  cwnd_ 14.429
2.73688  0  0  2  0  cwnd_ 14.498
2.74688  0  0  2  0  cwnd_ 14.567
2.75688  0  0  2  0  cwnd_ 14.636
2.76688  0  0  2  0  cwnd_ 14.704
2.77688  0  0  2  0  cwnd_ 14.772
2.78688  0  0  2  0  cwnd_ 14.840
2.79688  0  0  2  0  cwnd_ 14.907
2.80688  0  0  2  0  cwnd_ 14.974
2.81688  0  0  2  0  cwnd_ 15.041
2.82688  0  0  2  0  cwnd_ 15.107
2.83688  0  0  2  0  cwnd_ 15.174
2.84688  0  0  2  0  cwnd_ 15.239
2.85688  0  0  2  0  cwnd_ 15.305
2.86688  0  0  2  0  cwnd_ 15.370
2.87688  0  0  2  0  cwnd_ 15.435
2.88688  0  0  2  0  cwnd_ 15.500
2.89688  0  0  2  0  cwnd_ 15.565
2.90688  0  0  2  0  cwnd_ 15.629
2.91688  0  0  2  0  cwnd_ 15.693
2.92688  0  0  2  0  cwnd_ 15.757
2.93688  0  0  2  0  cwnd_ 15.820
2.94688  0  0  2  0  cwnd_ 15.883
2.95688  0  0  2  0  cwnd_ 15.946
2.96688  0  0  2  0  cwnd_ 16.009
2.97688  0  0  2  0  cwnd_ 16.071
2.98688  0  0  2  0  cwnd_ 16.134
2.99688  0  0  2  0  cwnd_ 16.196
3.00688  0  0  2  0  cwnd_ 16.257
3.01688  0  0  2  0  cwnd_ 16.319
3.02688  0  0  2  0  cwnd_ 16.380
3.03688  0  0  2  0  cwnd_ 16.441
3.04688  0  0  2  0  cwnd_ 16.502
3.05688  0  0  2  0  cwnd_ 16.563
3.06688  0  0  2  0  cwnd_ 16.623
3.07688  0  0  2  0  cwnd_ 16.683
3.08688  0  0  2  0  cwnd_ 16.743
3.09688  0  0  2  0  cwnd_ 16.803
3.10688  0  0  2  0  cwnd_ 16.862
3.11688  0  0  2  0  cwnd_ 16.922
3.12688  0  0  2  0  cwnd_ 16.981
3.13688  0  0  2  0  cwnd_ 17.040
3.14688  0  0  2  0  cwnd_ 17.098
3.15688  0  0  2  0  cwnd_ 17.157
3.16688  0  0  2  0  cwnd_ 17.215
3.17688  0  0  2  0  cwnd_ 17.273
3.18688  0  0  2  0  cwnd_ 17.331
3.19688  0  0  2  0  cwnd_ 17.389
3.20688  0  0  2  0  cwnd_ 17.446
3.21688  0  0  2  0  cwnd_ 17.504
3.22688  0  0  2  0  cwnd_ 17.561
3.23688  0  0  2  0  cwnd_ 17.618
3.24688  0  0  2  0  cwnd_ 17.675
3.25688  0  0  2  0  cwnd_ 17.731
3.26688  0  0  2  0  cwnd_ 17.787
3.27688  0  0  2  0  cwnd_ 17.844
3.28688  0  0  2  0  cwnd_ 17.900
3.29688  0  0  2  0  cwnd_ 17.956
3.30688  0  0  2  0  cwnd_ 18.011
3.31688  0  0  2  0  cwnd_ 18.067
3.32688  0  0  2  0  cwnd_ 18.122
3.33688  0  0  2  0  cwnd_ 18.177
3.34688  0  0  2  0  cwnd_ 18.232
3.35688  0  0  2  0  cwnd_ 18.287
3.36688  0  0  2  0  cwnd_ 18.342
3.37688  0  0  2  0  cwnd_ 18.396
3.38688  0  0  2  0  cwnd_ 18.451
3.39688  0  0  2  0  cwnd_ 18.505
3.40688  0  0  2  0  cwnd_ 18.559
3.41688  0  0  2  0  cwnd_ 18.613
3.42688  0  0  2  0  cwnd_ 18.667
3.43688  0  0  2  0  cwnd_ 18.720
3.44688  0  0  2  0  cwnd_ 18.774
3.45688  0  0  2  0  cwnd_ 18.827
3.46688  0  0  2  0  cwnd_ 18.880
3.47688  0  0  2  0  cwnd_ 18.933
3.48688  0  0  2  0  cwnd_ 18.986
3.49688  0  0  2  0  cwnd_ 19.038
3.50688  0  0  2  0  cwnd_ 19.091
3.51688  0  0  2  0  cwnd_ 19.143
3.52688  0  0  2  0  cwnd_ 19.196
3.53688  0  0  2  0  cwnd_ 19.248
3.54688  0  0  2  0  cwnd_ 19.300
3.55688  0  0  2  0  cwnd_ 19.351
3.56688  0  0  2  0  cwnd_ 19.403
3.57688  0  0  2  0  cwnd_ 19.455
3.58688  0  0  2  0  cwnd_ 19.506
3.59688  0  0  2  0  cwnd_ 19.557
3.60688  0  0  2  0  cwnd_ 19.608
3.61688  0  0  2  0  cwnd_ 19.659
3.62688  0  0  2  0  cwnd_ 19.710
3.63688  0  0  2  0  cwnd_ 19.761
3.64688  0  0  2  0  cwnd_ 19.812
3.65688  0  0  2  0  cwnd_ 19.862
3.66688  0  0  2  0  cwnd_ 19.912
3.67688  0  0  2  0  cwnd_ 19.963
3.68688  0  0  2  0  cwnd_ 20.013
3.69688  0  0  2  0  cwnd_ 20.063
3.70688  0  0  2  0  cwnd_ 20.113
3.71688  0  0  2  0  cwnd_ 20.162
3.72688  0  0  2  0  cwnd_ 20.212
3.73688  0  0  2  0  cwnd_ 20.261
3.74688  0  0  2  0  cwnd_ 20.311
3.75688  0  0  2  0  cwnd_ 20.360
3.76688  0  0  2  0  cwnd_ 20.409
3.77688  0  0  2  0  cwnd_ 20.458
3.78688  0  0  2  0  cwnd_ 20.507
3.79688  0  0  2  0  cwnd_ 20.556
3.80688  0  0  2  0  cwnd_ 20.604
3.81688  0  0  2  0  cwnd_ 20.653
3.82688  0  0  2  0  cwnd_ 20.701
3.83688  0  0  2  0  cwnd_ 20.750
3.84688  0  0  2  0  cwnd_ 20.798
3.85688  0  0  2  0  cwnd_ 20.846
3.86688  0  0  2  0  cwnd_ 20.894
3.87688  0  0  2  0  cwnd_ 20.942
3.88688  0  0  2  0  cwnd_ 20.990
3.89688  0  0  2  0  cwnd_ 21.037
3.90688  0  0  2  0  cwnd_ 21.085
3.91688  0  0  2  0  cwnd_ 21.132
3.92688  0  0  2  0  cwnd_ 21.179
3.93688  0  0  2  0  cwnd_ 21.227
3.94688  0  0  2  0  cwnd_ 21.274
3.95688  0  0  2  0  cwnd_ 21.321
3.96688  0  0  2  0  cwnd_ 21.368
3.97688  0  0  2  0  cwnd_ 21.414
3.98688  0  0  2  0  cwnd_ 21.461
3.99688  0  0  2  0  cwnd_ 21.508
4.00688  0  0  2  0  cwnd_ 21.554
4.01688  0  0  2  0  cwnd_ 21.601
4.02688  0  0  2  0  cwnd_ 21.647
4.03688  0  0  2  0  cwnd_ 21.693
4.04688  0  0  2  0  cwnd_ 21.739
4.05688  0  0  2  0  cwnd_ 21.785
4.06688  0  0  2  0  cwnd_ 21.831
4.07688  0  0  2  0  cwnd_ 21.877
4.08688  0  0  2  0  cwnd_ 21.923
4.09688  0  0  2  0  cwnd_ 21.968
4.10688  0  0  2  0  cwnd_ 22.014
4.11688  0  0  2  0  cwnd_ 22.059
4.12688  0  0  2  0  cwnd_ 22.105
4.13688  0  0  2  0  cwnd_ 22.150
4.14688  0  0  2  0  cwnd_ 22.195
4.15688  0  0  2  0  cwnd_ 22.240
4.16688  0  0  2  0  cwnd_ 22.285
4.17688  0  0  2  0  cwnd_ 22.330
4.18688  0  0  2  0  cwnd_ 22.375
4.19688  0  0  2  0  cwnd_ 22.419
4.20688  0  0  2  0  cwnd_ 22.464
4.21688  0  0  2  0  cwnd_ 22.508
4.22688  0  0  2  0  cwnd_ 22.553
4.23688  0  0  2  0  cwnd_ 22.597
4.24688  0  0  2  0  cwnd_ 22.641
4.25688  0  0  2  0  cwnd_ 22.686
4.26688  0  0  2  0  cwnd_ 22.730
4.27688  0  0  2  0  cwnd_ 22.774
4.28688  0  0  2  0  cwnd_ 22.818
4.29688  0  0  2  0  cwnd_ 22.861
4.30688  0  0  2  0  cwnd_ 22.905
4.31688  0  0  2  0  cwnd_ 22.949
4.32688  0  0  2  0  cwnd_ 22.992
4.33688  0  0  2  0  cwnd_ 23.036
4.34688  0  0  2  0  cwnd_ 23.079
4.35688  0  0  2  0  cwnd_ 23.123
4.36688  0  0  2  0  cwnd_ 23.166
4.37688  0  0  2  0  cwnd_ 23.209
4.38688  0  0  2  0  cwnd_ 23.252
4.39688  0  0  2  0  cwnd_ 23.295
4.40688  0  0  2  0  cwnd_ 23.338
4.41688  0  0  2  0  cwnd_ 23.381
4.42688  0  0  2  0  cwnd_ 23.424
4.43688  0  0  2  0  cwnd_ 23.466
4.44688  0  0  2  0  cwnd_ 23.509
4.45688  0  0  2  0  cwnd_ 23.552
4.46688  0  0  2  0  cwnd_ 23.594
4.47688  0  0  2  0  cwnd_ 23.636
4.48688  0  0  2  0  cwnd_ 23.679
4.49688  0  0  2  0  cwnd_ 23.721
4.50688  0  0  2  0  cwnd_ 23.763
4.51688  0  0  2  0  cwnd_ 23.805
4.52688  0  0  2  0  cwnd_ 23.847
4.53688  0  0  2  0  cwnd_ 23.889
4.54688  0  0  2  0  cwnd_ 23.931
4.55688  0  0  2  0  cwnd_ 23.973
4.56688  0  0  2  0  cwnd_ 24.014
4.57688  0  0  2  0  cwnd_ 24.056
4.58688  0  0  2  0  cwnd_ 24.098
4.59688  0  0  2  0  cwnd_ 24.139
4.60688  0  0  2  0  cwnd_ 24.181
4.61688  0  0  2  0  cwnd_ 24.222
4.62688  0  0  2  0  cwnd_ 24.263
4.63688  0  0  2  0  cwnd_ 24.304
4.64688  0  0  2  0  cwnd_ 24.346
4.65688  0  0  2  0  cwnd_ 24.387
4.66688  0  0  2  0  cwnd_ 24.428
4.67688  0  0  2  0  cwnd_ 24.469
4.68688  0  0  2  0  cwnd_ 24.509
4.69688  0  0  2  0  cwnd_ 24.550
4.70688  0  0  2  0  cwnd_ 24.591
4.71688  0  0  2  0  cwnd_ 24.632
4.72688  0  0  2  0  cwnd_ 24.672
4.73688  0  0  2  0  cwnd_ 24.713
4.74688  0  0  2  0  cwnd_ 24.753
4.75688  0  0  2  0  cwnd_ 24.794
4.76688  0  0  2  0  cwnd_ 24.834
4.77688  0  0  2  0  cwnd_ 24.874
4.78688  0  0  2  0  cwnd_ 24.914
4.79688  0  0  2  0  cwnd_ 24.955
4.80688  0  0  2  0  cwnd_ 24.995
4.81688  0  0  2  0  cwnd_ 25.035
4.82688  0  0  2  0  cwnd_ 25.075
4.83688  0  0  2  0  cwnd_ 25.115
4.84688  0  0  2  0  cwnd_ 25.154
4.85688  0  0  2  0  cwnd_ 25.194
4.86688  0  0  2  0  cwnd_ 25.234
4.87688  0  0  2  0  cwnd_ 25.273
4.88688  0  0  2  0  cwnd_ 25.313
4.89688  0  0  2  0  cwnd_ 25.353
4.90688  0  0  2  0  cwnd_ 25.392
4.91688  0  0  2  0  cwnd_ 25.431
4.92688  0  0  2  0  cwnd_ 25.471
4.93688  0  0  2  0  cwnd_ 25.510
4.94688  0  0  2  0  cwnd_ 25.549
4.95688  0  0  2  0  cwnd_ 25.588
4.96688  0  0  2  0  cwnd_ 25.627
4.97688  0  0  2  0  cwnd_ 25.666
4.98688  0  0  2  0  cwnd_ 25.705
4.99688  0  0  2  0  cwnd_ 25.744
5.00688  0  0  2  0  cwnd_ 25.783
5.01688  0  0  2  0  cwnd_ 25.822
5.02688  0  0  2  0  cwnd_ 25.861
5.03688  0  0  2  0  cwnd_ 25.899
5.04688  0  0  2  0  cwnd_ 25.938
5.05688  0  0  2  0  cwnd_ 25.976
5.08688  0  0  2  0  cwnd_ 12.988
5.32688  0  0  2  0  cwnd_ 13.065
5.34811  0  0  2  0  cwnd_ 13.142
5.35811  0  0  2  0  cwnd_ 13.218
5.36811  0  0  2  0  cwnd_ 13.293
5.37811  0  0  2  0  cwnd_ 13.369
5.38811  0  0  2  0  cwnd_ 13.444
5.39811  0  0  2  0  cwnd_ 13.518
5.40811  0  0  2  0  cwnd_ 13.592
5.41811  0  0  2  0  cwnd_ 13.665
5.42811  0  0  2  0  cwnd_ 13.739
5.43811  0  0  2  0  cwnd_ 13.811
5.44811  0  0  2  0  cwnd_ 13.884
5.45811  0  0  2  0  cwnd_ 13.956
5.46811  0  0  2  0  cwnd_ 14.027
5.47934  0  0  2  0  cwnd_ 14.099
5.48934  0  0  2  0  cwnd_ 14.170
5.49934  0  0  2  0  cwnd_ 14.240
5.50934  0  0  2  0  cwnd_ 14.311
5.51934  0  0  2  0  cwnd_ 14.380
5.52934  0  0  2  0  cwnd_ 14.450
5.53934  0  0  2  0  cwnd_ 14.519
5.54934  0  0  2  0  cwnd_ 14.588
5.55934  0  0  2  0  cwnd_ 14.657
5.56934  0  0  2  0  cwnd_ 14.725
5.57934  0  0  2  0  cwnd_ 14.793
5.58934  0  0  2  0  cwnd_ 14.860
5.59934  0  0  2  0  cwnd_ 14.928
5.60934  0  0  2  0  cwnd_ 14.995
5.61934  0  0  2  0  cwnd_ 15.061
5.62934  0  0  2  0  cwnd_ 15.128
5.63934  0  0  2  0  cwnd_ 15.194
5.64934  0  0  2  0  cwnd_ 15.260
5.65934  0  0  2  0  cwnd_ 15.325
5.66934  0  0  2  0  cwnd_ 15.390
5.67934  0  0  2  0  cwnd_ 15.455
5.68934  0  0  2  0  cwnd_ 15.520
5.69934  0  0  2  0  cwnd_ 15.584
5.70934  0  0  2  0  cwnd_ 15.649
5.71934  0  0  2  0  cwnd_ 15.713
5.72934  0  0  2  0  cwnd_ 15.776
5.73934  0  0  2  0  cwnd_ 15.840
5.74934  0  0  2  0  cwnd_ 15.903
5.75934  0  0  2  0  cwnd_ 15.966
5.76934  0  0  2  0  cwnd_ 16.028
5.77934  0  0  2  0  cwnd_ 16.091
5.78934  0  0  2  0  cwnd_ 16.153
5.79934  0  0  2  0  cwnd_ 16.215
5.80934  0  0  2  0  cwnd_ 16.276
5.81934  0  0  2  0  cwnd_ 16.338
5.82934  0  0  2  0  cwnd_ 16.399
5.83934  0  0  2  0  cwnd_ 16.460
5.84934  0  0  2  0  cwnd_ 16.521
5.85934  0  0  2  0  cwnd_ 16.581
5.86934  0  0  2  0  cwnd_ 16.642
5.87934  0  0  2  0  cwnd_ 16.702
5.88934  0  0  2  0  cwnd_ 16.762
5.89934  0  0  2  0  cwnd_ 16.821
5.90934  0  0  2  0  cwnd_ 16.881
5.91934  0  0  2  0  cwnd_ 16.940
5.92934  0  0  2  0  cwnd_ 16.999
5.93934  0  0  2  0  cwnd_ 17.058
5.94934  0  0  2  0  cwnd_ 17.116
5.95934  0  0  2  0  cwnd_ 17.175
5.96934  0  0  2  0  cwnd_ 17.233
5.97934  0  0  2  0  cwnd_ 17.291
5.98934  0  0  2  0  cwnd_ 17.349
5.99934  0  0  2  0  cwnd_ 17.407
6.00934  0  0  2  0  cwnd_ 17.464
6.01934  0  0  2  0  cwnd_ 17.521
6.02934  0  0  2  0  cwnd_ 17.578
6.03934  0  0  2  0  cwnd_ 17.635
6.04934  0  0  2  0  cwnd_ 17.692
6.05934  0  0  2  0  cwnd_ 17.748
6.06934  0  0  2  0  cwnd_ 17.805
6.07934  0  0  2  0  cwnd_ 17.861
6.08934  0  0  2  0  cwnd_ 17.917
6.09934  0  0  2  0  cwnd_ 17.973
6.10934  0  0  2  0  cwnd_ 18.028
6.11934  0  0  2  0  cwnd_ 18.084
6.12934  0  0  2  0  cwnd_ 18.139
6.13934  0  0  2  0  cwnd_ 18.194
6.14934  0  0  2  0  cwnd_ 18.249
6.15934  0  0  2  0  cwnd_ 18.304
6.16934  0  0  2  0  cwnd_ 18.359
6.17934  0  0  2  0  cwnd_ 18.413
6.18934  0  0  2  0  cwnd_ 18.467
6.19934  0  0  2  0  cwnd_ 18.522
6.20934  0  0  2  0  cwnd_ 18.576
6.21934  0  0  2  0  cwnd_ 18.629
6.22934  0  0  2  0  cwnd_ 18.683
6.23934  0  0  2  0  cwnd_ 18.737
6.24934  0  0  2  0  cwnd_ 18.790
6.25934  0  0  2  0  cwnd_ 18.843
6.26934  0  0  2  0  cwnd_ 18.896
6.27934  0  0  2  0  cwnd_ 18.949
6.28934  0  0  2  0  cwnd_ 19.002
6.29934  0  0  2  0  cwnd_ 19.055
6.30934  0  0  2  0  cwnd_ 19.107
6.31934  0  0  2  0  cwnd_ 19.159
6.32934  0  0  2  0  cwnd_ 19.212
6.33934  0  0  2  0  cwnd_ 19.264
6.34934  0  0  2  0  cwnd_ 19.316
6.35934  0  0  2  0  cwnd_ 19.367
6.36934  0  0  2  0  cwnd_ 19.419
6.37934  0  0  2  0  cwnd_ 19.470
6.38934  0  0  2  0  cwnd_ 19.522
6.39934  0  0  2  0  cwnd_ 19.573
6.40934  0  0  2  0  cwnd_ 19.624
6.41934  0  0  2  0  cwnd_ 19.675
6.42934  0  0  2  0  cwnd_ 19.726
6.43934  0  0  2  0  cwnd_ 19.777
6.44934  0  0  2  0  cwnd_ 19.827
6.45934  0  0  2  0  cwnd_ 19.878
6.46934  0  0  2  0  cwnd_ 19.928
6.47934  0  0  2  0  cwnd_ 19.978
6.48934  0  0  2  0  cwnd_ 20.028
6.49934  0  0  2  0  cwnd_ 20.078
6.50934  0  0  2  0  cwnd_ 20.128
6.51934  0  0  2  0  cwnd_ 20.178
6.52934  0  0  2  0  cwnd_ 20.227
6.53934  0  0  2  0  cwnd_ 20.277
6.54934  0  0  2  0  cwnd_ 20.326
6.55934  0  0  2  0  cwnd_ 20.375
6.56934  0  0  2  0  cwnd_ 20.424
6.57934  0  0  2  0  cwnd_ 20.473
6.58934  0  0  2  0  cwnd_ 20.522
6.59934  0  0  2  0  cwnd_ 20.571
6.60934  0  0  2  0  cwnd_ 20.619
6.61934  0  0  2  0  cwnd_ 20.668
6.62934  0  0  2  0  cwnd_ 20.716
6.63934  0  0  2  0  cwnd_ 20.764
6.64934  0  0  2  0  cwnd_ 20.813
6.65934  0  0  2  0  cwnd_ 20.861
6.66934  0  0  2  0  cwnd_ 20.909
6.67934  0  0  2  0  cwnd_ 20.956
6.68934  0  0  2  0  cwnd_ 21.004
6.69934  0  0  2  0  cwnd_ 21.052
6.70934  0  0  2  0  cwnd_ 21.099
6.71934  0  0  2  0  cwnd_ 21.147
6.72934  0  0  2  0  cwnd_ 21.194
6.73934  0  0  2  0  cwnd_ 21.241
6.74934  0  0  2  0  cwnd_ 21.288
6.75934  0  0  2  0  cwnd_ 21.335
6.76934  0  0  2  0  cwnd_ 21.382
6.77934  0  0  2  0  cwnd_ 21.429
6.78934  0  0  2  0  cwnd_ 21.476
6.79934  0  0  2  0  cwnd_ 21.522
6.80934  0  0  2  0  cwnd_ 21.569
6.81934  0  0  2  0  cwnd_ 21.615
6.82934  0  0  2  0  cwnd_ 21.661
6.83934  0  0  2  0  cwnd_ 21.707
6.84934  0  0  2  0  cwnd_ 21.753
6.85934  0  0  2  0  cwnd_ 21.799
6.86934  0  0  2  0  cwnd_ 21.845
6.87934  0  0  2  0  cwnd_ 21.891
6.88934  0  0  2  0  cwnd_ 21.937
6.89934  0  0  2  0  cwnd_ 21.982
6.90934  0  0  2  0  cwnd_ 22.028
6.91934  0  0  2  0  cwnd_ 22.073
6.92934  0  0  2  0  cwnd_ 22.118
6.93934  0  0  2  0  cwnd_ 22.164
6.94934  0  0  2  0  cwnd_ 22.209
6.95934  0  0  2  0  cwnd_ 22.254
6.96934  0  0  2  0  cwnd_ 22.299
6.97934  0  0  2  0  cwnd_ 22.344
6.98934  0  0  2  0  cwnd_ 22.388
6.99934  0  0  2  0  cwnd_ 22.433
7.00934  0  0  2  0  cwnd_ 22.478
7.01934  0  0  2  0  cwnd_ 22.522
7.02934  0  0  2  0  cwnd_ 22.566
7.03934  0  0  2  0  cwnd_ 22.611
7.04934  0  0  2  0  cwnd_ 22.655
7.05934  0  0  2  0  cwnd_ 22.699
7.06934  0  0  2  0  cwnd_ 22.743
7.07934  0  0  2  0  cwnd_ 22.787
7.08934  0  0  2  0  cwnd_ 22.831
7.09934  0  0  2  0  cwnd_ 22.875
7.10934  0  0  2  0  cwnd_ 22.919
7.11934  0  0  2  0  cwnd_ 22.962
7.12934  0  0  2  0  cwnd_ 23.006
7.13934  0  0  2  0  cwnd_ 23.049
7.14934  0  0  2  0  cwnd_ 23.093
7.15934  0  0  2  0  cwnd_ 23.136
7.16934  0  0  2  0  cwnd_ 23.179
7.17934  0  0  2  0  cwnd_ 23.222
7.18934  0  0  2  0  cwnd_ 23.265
7.19934  0  0  2  0  cwnd_ 23.308
7.20934  0  0  2  0  cwnd_ 23.351
7.21934  0  0  2  0  cwnd_ 23.394
7.22934  0  0  2  0  cwnd_ 23.437
7.23934  0  0  2  0  cwnd_ 23.479
7.24934  0  0  2  0  cwnd_ 23.522
7.25934  0  0  2  0  cwnd_ 23.565
7.26934  0  0  2  0  cwnd_ 23.607
7.27934  0  0  2  0  cwnd_ 23.649
7.28934  0  0  2  0  cwnd_ 23.692
7.29934  0  0  2  0  cwnd_ 23.734
7.30934  0  0  2  0  cwnd_ 23.776
7.31934  0  0  2  0  cwnd_ 23.818
7.32934  0  0  2  0  cwnd_ 23.860
7.33934  0  0  2  0  cwnd_ 23.902
7.34934  0  0  2  0  cwnd_ 23.944
7.35934  0  0  2  0  cwnd_ 23.986
7.36934  0  0  2  0  cwnd_ 24.027
7.37934  0  0  2  0  cwnd_ 24.069
7.38934  0  0  2  0  cwnd_ 24.110
7.39934  0  0  2  0  cwnd_ 24.152
7.40934  0  0  2  0  cwnd_ 24.193
7.41934  0  0  2  0  cwnd_ 24.235
7.42934  0  0  2  0  cwnd_ 24.276
7.43934  0  0  2  0  cwnd_ 24.317
7.44934  0  0  2  0  cwnd_ 24.358
7.45934  0  0  2  0  cwnd_ 24.399
7.46934  0  0  2  0  cwnd_ 24.440
7.47934  0  0  2  0  cwnd_ 24.481
7.48934  0  0  2  0  cwnd_ 24.522
7.49934  0  0  2  0  cwnd_ 24.563
7.50934  0  0  2  0  cwnd_ 24.604
7.51934  0  0  2  0  cwnd_ 24.644
7.52934  0  0  2  0  cwnd_ 24.685
7.53934  0  0  2  0  cwnd_ 24.725
7.54934  0  0  2  0  cwnd_ 24.766
7.55934  0  0  2  0  cwnd_ 24.806
7.56934  0  0  2  0  cwnd_ 24.846
7.57934  0  0  2  0  cwnd_ 24.887
7.58934  0  0  2  0  cwnd_ 24.927
7.59934  0  0  2  0  cwnd_ 24.967
7.60934  0  0  2  0  cwnd_ 25.007
7.61934  0  0  2  0  cwnd_ 25.047
7.62934  0  0  2  0  cwnd_ 25.087
7.63934  0  0  2  0  cwnd_ 25.127
7.64934  0  0  2  0  cwnd_ 25.167
7.65934  0  0  2  0  cwnd_ 25.206
7.66934  0  0  2  0  cwnd_ 25.246
7.67934  0  0  2  0  cwnd_ 25.286
7.68934  0  0  2  0  cwnd_ 25.325
7.69934  0  0  2  0  cwnd_ 25.365
7.70934  0  0  2  0  cwnd_ 25.404
7.71934  0  0  2  0  cwnd_ 25.443
7.72934  0  0  2  0  cwnd_ 25.483
7.73934  0  0  2  0  cwnd_ 25.522
7.74934  0  0  2  0  cwnd_ 25.561
7.75934  0  0  2  0  cwnd_ 25.600
7.76934  0  0  2  0  cwnd_ 25.639
7.77934  0  0  2  0  cwnd_ 25.678
7.78934  0  0  2  0  cwnd_ 25.717
7.79934  0  0  2  0  cwnd_ 25.756
7.80934  0  0  2  0  cwnd_ 25.795
7.81934  0  0  2  0  cwnd_ 25.834
7.82934  0  0  2  0  cwnd_ 25.872
7.83934  0  0  2  0  cwnd_ 25.911
7.84934  0  0  2  0  cwnd_ 25.950
7.87934  0  0  2  0  cwnd_ 12.975
8.11934  0  0  2  0  cwnd_ 13.052
8.14058  0  0  2  0  cwnd_ 13.129
8.15058  0  0  2  0  cwnd_ 13.205
8.16058  0  0  2  0  cwnd_ 13.280
8.17058  0  0  2  0  cwnd_ 13.356
8.18058  0  0  2  0  cwnd_ 13.431
8.19058  0  0  2  0  cwnd_ 13.505
8.20058  0  0  2  0  cwnd_ 13.579
8.21058  0  0  2  0  cwnd_ 13.653
8.22058  0  0  2  0  cwnd_ 13.726
8.23058  0  0  2  0  cwnd_ 13.799
8.24058  0  0  2  0  cwnd_ 13.871
8.25058  0  0  2  0  cwnd_ 13.943
8.26058  0  0  2  0  cwnd_ 14.015
8.27181  0  0  2  0  cwnd_ 14.086
8.28181  0  0  2  0  cwnd_ 14.157
8.29181  0  0  2  0  cwnd_ 14.228
8.30181  0  0  2  0  cwnd_ 14.298
8.31181  0  0  2  0  cwnd_ 14.368
8.32181  0  0  2  0  cwnd_ 14.438
8.33181  0  0  2  0  cwnd_ 14.507
8.34181  0  0  2  0  cwnd_ 14.576
8.35181  0  0  2  0  cwnd_ 14.645
8.36181  0  0  2  0  cwnd_ 14.713
8.37181  0  0  2  0  cwnd_ 14.781
8.38181  0  0  2  0  cwnd_ 14.849
8.39181  0  0  2  0  cwnd_ 14.916
8.40181  0  0  2  0  cwnd_ 14.983
8.41181  0  0  2  0  cwnd_ 15.050
8.42181  0  0  2  0  cwnd_ 15.116
8.43181  0  0  2  0  cwnd_ 15.182
8.44181  0  0  2  0  cwnd_ 15.248
8.45181  0  0  2  0  cwnd_ 15.314
8.46181  0  0  2  0  cwnd_ 15.379
8.47181  0  0  2  0  cwnd_ 15.444
8.48181  0  0  2  0  cwnd_ 15.509
8.49181  0  0  2  0  cwnd_ 15.573
8.50181  0  0  2  0  cwnd_ 15.638
8.51181  0  0  2  0  cwnd_ 15.702
8.52181  0  0  2  0  cwnd_ 15.765
8.53181  0  0  2  0  cwnd_ 15.829
8.54181  0  0  2  0  cwnd_ 15.892
8.55181  0  0  2  0  cwnd_ 15.955
8.56181  0  0  2  0  cwnd_ 16.017
8.57181  0  0  2  0  cwnd_ 16.080
8.58181  0  0  2  0  cwnd_ 16.142
8.59181  0  0  2  0  cwnd_ 16.204
8.60181  0  0  2  0  cwnd_ 16.266
8.61181  0  0  2  0  cwnd_ 16.327
8.62181  0  0  2  0  cwnd_ 16.388
8.63181  0  0  2  0  cwnd_ 16.449
8.64181  0  0  2  0  cwnd_ 16.510
8.65181  0  0  2  0  cwnd_ 16.571
8.66181  0  0  2  0  cwnd_ 16.631
8.67181  0  0  2  0  cwnd_ 16.691
8.68181  0  0  2  0  cwnd_ 16.751
8.69181  0  0  2  0  cwnd_ 16.811
8.70181  0  0  2  0  cwnd_ 16.870
8.71181  0  0  2  0  cwnd_ 16.930
8.72181  0  0  2  0  cwnd_ 16.989
8.73181  0  0  2  0  cwnd_ 17.048
8.74181  0  0  2  0  cwnd_ 17.106
8.75181  0  0  2  0  cwnd_ 17.165
8.76181  0  0  2  0  cwnd_ 17.223
8.77181  0  0  2  0  cwnd_ 17.281
8.78181  0  0  2  0  cwnd_ 17.339
8.79181  0  0  2  0  cwnd_ 17.397
8.80181  0  0  2  0  cwnd_ 17.454
8.81181  0  0  2  0  cwnd_ 17.511
8.82181  0  0  2  0  cwnd_ 17.568
8.83181  0  0  2  0  cwnd_ 17.625
8.84181  0  0  2  0  cwnd_ 17.682
8.85181  0  0  2  0  cwnd_ 17.739
8.86181  0  0  2  0  cwnd_ 17.795
8.87181  0  0  2  0  cwnd_ 17.851
8.88181  0  0  2  0  cwnd_ 17.907
8.89181  0  0  2  0  cwnd_ 17.963
8.90181  0  0  2  0  cwnd_ 18.019
8.91181  0  0  2  0  cwnd_ 18.074
8.92181  0  0  2  0  cwnd_ 18.130
8.93181  0  0  2  0  cwnd_ 18.185
8.94181  0  0  2  0  cwnd_ 18.240
8.95181  0  0  2  0  cwnd_ 18.295
8.96181  0  0  2  0  cwnd_ 18.349
8.97181  0  0  2  0  cwnd_ 18.404
8.98181  0  0  2  0  cwnd_ 18.458
8.99181  0  0  2  0  cwnd_ 18.512
9.00181  0  0  2  0  cwnd_ 18.566
9.01181  0  0  2  0  cwnd_ 18.620
9.02181  0  0  2  0  cwnd_ 18.674
9.03181  0  0  2  0  cwnd_ 18.727
9.04181  0  0  2  0  cwnd_ 18.781
9.05181  0  0  2  0  cwnd_ 18.834
9.06181  0  0  2  0  cwnd_ 18.887
9.07181  0  0  2  0  cwnd_ 18.940
9.08181  0  0  2  0  cwnd_ 18.993
9.09181  0  0  2  0  cwnd_ 19.046
9.10181  0  0  2  0  cwnd_ 19.098
9.11181  0  0  2  0  cwnd_ 19.150
9.12181  0  0  2  0  cwnd_ 19.203
9.13181  0  0  2  0  cwnd_ 19.255
9.14181  0  0  2  0  cwnd_ 19.307
9.15181  0  0  2  0  cwnd_ 19.358
9.16181  0  0  2  0  cwnd_ 19.410
9.17181  0  0  2  0  cwnd_ 19.462
9.18181  0  0  2  0  cwnd_ 19.513
9.19181  0  0  2  0  cwnd_ 19.564
9.20181  0  0  2  0  cwnd_ 19.615
9.21181  0  0  2  0  cwnd_ 19.666
9.22181  0  0  2  0  cwnd_ 19.717
9.23181  0  0  2  0  cwnd_ 19.768
9.24181  0  0  2  0  cwnd_ 19.818
9.25181  0  0  2  0  cwnd_ 19.869
9.26181  0  0  2  0  cwnd_ 19.919
9.27181  0  0  2  0  cwnd_ 19.969
9.28181  0  0  2  0  cwnd_ 20.020
9.29181  0  0  2  0  cwnd_ 20.069
9.30181  0  0  2  0  cwnd_ 20.119
9.31181  0  0  2  0  cwnd_ 20.169
9.32181  0  0  2  0  cwnd_ 20.219
9.33181  0  0  2  0  cwnd_ 20.268
9.34181  0  0  2  0  cwnd_ 20.317
9.35181  0  0  2  0  cwnd_ 20.367
9.36181  0  0  2  0  cwnd_ 20.416
9.37181  0  0  2  0  cwnd_ 20.465
9.38181  0  0  2  0  cwnd_ 20.514
9.39181  0  0  2  0  cwnd_ 20.562
9.40181  0  0  2  0  cwnd_ 20.611
9.41181  0  0  2  0  cwnd_ 20.659
9.42181  0  0  2  0  cwnd_ 20.708
9.43181  0  0  2  0  cwnd_ 20.756
9.44181  0  0  2  0  cwnd_ 20.804
9.45181  0  0  2  0  cwnd_ 20.852
9.46181  0  0  2  0  cwnd_ 20.900
9.47181  0  0  2  0  cwnd_ 20.948
9.48181  0  0  2  0  cwnd_ 20.996
9.49181  0  0  2  0  cwnd_ 21.044
9.50181  0  0  2  0  cwnd_ 21.091
9.51181  0  0  2  0  cwnd_ 21.138
9.52181  0  0  2  0  cwnd_ 21.186
9.53181  0  0  2  0  cwnd_ 21.233
9.54181  0  0  2  0  cwnd_ 21.280
9.55181  0  0  2  0  cwnd_ 21.327
9.56181  0  0  2  0  cwnd_ 21.374
9.57181  0  0  2  0  cwnd_ 21.421
9.58181  0  0  2  0  cwnd_ 21.467
9.59181  0  0  2  0  cwnd_ 21.514
9.60181  0  0  2  0  cwnd_ 21.561
9.61181  0  0  2  0  cwnd_ 21.607
9.62181  0  0  2  0  cwnd_ 21.653
9.63181  0  0  2  0  cwnd_ 21.699
9.64181  0  0  2  0  cwnd_ 21.745
9.65181  0  0  2  0  cwnd_ 21.791
9.66181  0  0  2  0  cwnd_ 21.837
9.67181  0  0  2  0  cwnd_ 21.883
9.68181  0  0  2  0  cwnd_ 21.929
9.69181  0  0  2  0  cwnd_ 21.974
9.70181  0  0  2  0  cwnd_ 22.020
9.71181  0  0  2  0  cwnd_ 22.065
9.72181  0  0  2  0  cwnd_ 22.111
9.73181  0  0  2  0  cwnd_ 22.156
9.74181  0  0  2  0  cwnd_ 22.201
9.75181  0  0  2  0  cwnd_ 22.246
9.76181  0  0  2  0  cwnd_ 22.291
9.77181  0  0  2  0  cwnd_ 22.336
9.78181  0  0  2  0  cwnd_ 22.381
9.79181  0  0  2  0  cwnd_ 22.425
9.80181  0  0  2  0  cwnd_ 22.470
9.81181  0  0  2  0  cwnd_ 22.514
9.82181  0  0  2  0  cwnd_ 22.559
9.83181  0  0  2  0  cwnd_ 22.603
9.84181  0  0  2  0  cwnd_ 22.647
9.85181  0  0  2  0  cwnd_ 22.692
9.86181  0  0  2  0  cwnd_ 22.736
9.87181  0  0  2  0  cwnd_ 22.780
9.88181  0  0  2  0  cwnd_ 22.824
9.89181  0  0  2  0  cwnd_ 22.867
9.90181  0  0  2  0  cwnd_ 22.911
9.91181  0  0  2  0  cwnd_ 22.955
9.92181  0  0  2  0  cwnd_ 22.998
9.93181  0  0  2  0  cwnd_ 23.042
9.94181  0  0  2  0  cwnd_ 23.085
9.95181  0  0  2  0  cwnd_ 23.128
9.96181  0  0  2  0  cwnd_ 23.172
9.97181  0  0  2  0  cwnd_ 23.215
9.98181  0  0  2  0  cwnd_ 23.258
9.99181  0  0  2  0  cwnd_ 23.301
10.00181 0  0  2  0  cwnd_ 23.344
10.01181 0  0  2  0  cwnd_ 23.387
10.02181 0  0  2  0  cwnd_ 23.429
10.03181 0  0  2  0  cwnd_ 23.472
10.04181 0  0  2  0  cwnd_ 23.515
10.05181 0  0  2  0  cwnd_ 23.557
10.06181 0  0  2  0  cwnd_ 23.600
10.07181 0  0  2  0  cwnd_ 23.642
10.08181 0  0  2  0  cwnd_ 23.684
10.09181 0  0  2  0  cwnd_ 23.727
10.10181 0  0  2  0  cwnd_ 23.769
10.11181 0  0  2  0  cwnd_ 23.811
10.12181 0  0  2  0  cwnd_ 23.853
10.13181 0  0  2  0  cwnd_ 23.895
10.14181 0  0  2  0  cwnd_ 23.937
10.15181 0  0  2  0  cwnd_ 23.978
10.16181 0  0  2  0  cwnd_ 24.020
10.17181 0  0  2  0  cwnd_ 24.062
10.18181 0  0  2  0  cwnd_ 24.103
10.19181 0  0  2  0  cwnd_ 24.145
10.20181 0  0  2  0  cwnd_ 24.186
10.21181 0  0  2  0  cwnd_ 24.228
10.22181 0  0  2  0  cwnd_ 24.269
10.23181 0  0  2  0  cwnd_ 24.310
10.24181 0  0  2  0  cwnd_ 24.351
10.25181 0  0  2  0  cwnd_ 24.392
10.26181 0  0  2  0  cwnd_ 24.433
10.27181 0  0  2  0  cwnd_ 24.474
10.28181 0  0  2  0  cwnd_ 24.515
10.29181 0  0  2  0  cwnd_ 24.556
10.30181 0  0  2  0  cwnd_ 24.596
10.31181 0  0  2  0  cwnd_ 24.637
10.32181 0  0  2  0  cwnd_ 24.678
10.33181 0  0  2  0  cwnd_ 24.718
10.34181 0  0  2  0  cwnd_ 24.759
10.35181 0  0  2  0  cwnd_ 24.799
10.36181 0  0  2  0  cwnd_ 24.839
10.37181 0  0  2  0  cwnd_ 24.880
10.38181 0  0  2  0  cwnd_ 24.920
10.39181 0  0  2  0  cwnd_ 24.960
10.40181 0  0  2  0  cwnd_ 25.000
10.41181 0  0  2  0  cwnd_ 25.040
10.42181 0  0  2  0  cwnd_ 25.080
10.43181 0  0  2  0  cwnd_ 25.120
10.44181 0  0  2  0  cwnd_ 25.160
10.45181 0  0  2  0  cwnd_ 25.199
10.46181 0  0  2  0  cwnd_ 25.239
10.47181 0  0  2  0  cwnd_ 25.279
10.48181 0  0  2  0  cwnd_ 25.318
10.49181 0  0  2  0  cwnd_ 25.358
10.50181 0  0  2  0  cwnd_ 25.397
10.51181 0  0  2  0  cwnd_ 25.437
10.52181 0  0  2  0  cwnd_ 25.476
10.53181 0  0  2  0  cwnd_ 25.515
10.54181 0  0  2  0  cwnd_ 25.554
10.55181 0  0  2  0  cwnd_ 25.593
10.56181 0  0  2  0  cwnd_ 25.633
10.57181 0  0  2  0  cwnd_ 25.672
10.58181 0  0  2  0  cwnd_ 25.711
10.59181 0  0  2  0  cwnd_ 25.749
10.60181 0  0  2  0  cwnd_ 25.788
10.61181 0  0  2  0  cwnd_ 25.827
10.62181 0  0  2  0  cwnd_ 25.866
10.63181 0  0  2  0  cwnd_ 25.904
10.64181 0  0  2  0  cwnd_ 25.943
10.67181 0  0  2  0  cwnd_ 12.972
10.91181 0  0  2  0  cwnd_ 13.049
10.93304 0  0  2  0  cwnd_ 13.125
10.94304 0  0  2  0  cwnd_ 13.201
10.95304 0  0  2  0  cwnd_ 13.277
10.96304 0  0  2  0  cwnd_ 13.352
10.97304 0  0  2  0  cwnd_ 13.427
10.98304 0  0  2  0  cwnd_ 13.502
10.99304 0  0  2  0  cwnd_ 13.576
11.00304 0  0  2  0  cwnd_ 13.650
11.01304 0  0  2  0  cwnd_ 13.723
11.02304 0  0  2  0  cwnd_ 13.796
11.03304 0  0  2  0  cwnd_ 13.868
11.04304 0  0  2  0  cwnd_ 13.940
11.05304 0  0  2  0  cwnd_ 14.012
11.06427 0  0  2  0  cwnd_ 14.083
11.07427 0  0  2  0  cwnd_ 14.154
11.08427 0  0  2  0  cwnd_ 14.225
11.09427 0  0  2  0  cwnd_ 14.295
11.10427 0  0  2  0  cwnd_ 14.365
11.11427 0  0  2  0  cwnd_ 14.435
11.12427 0  0  2  0  cwnd_ 14.504
11.13427 0  0  2  0  cwnd_ 14.573
11.14427 0  0  2  0  cwnd_ 14.642
11.15427 0  0  2  0  cwnd_ 14.710
11.16427 0  0  2  0  cwnd_ 14.778
11.17427 0  0  2  0  cwnd_ 14.846
11.18427 0  0  2  0  cwnd_ 14.913
11.19427 0  0  2  0  cwnd_ 14.980
11.20427 0  0  2  0  cwnd_ 15.047
11.21427 0  0  2  0  cwnd_ 15.113
11.22427 0  0  2  0  cwnd_ 15.180
11.23427 0  0  2  0  cwnd_ 15.245
11.24427 0  0  2  0  cwnd_ 15.311
11.25427 0  0  2  0  cwnd_ 15.376
11.26427 0  0  2  0  cwnd_ 15.441
11.27427 0  0  2  0  cwnd_ 15.506
11.28427 0  0  2  0  cwnd_ 15.571
11.29427 0  0  2  0  cwnd_ 15.635
11.30427 0  0  2  0  cwnd_ 15.699
11.31427 0  0  2  0  cwnd_ 15.762
11.32427 0  0  2  0  cwnd_ 15.826
11.33427 0  0  2  0  cwnd_ 15.889
11.34427 0  0  2  0  cwnd_ 15.952
11.35427 0  0  2  0  cwnd_ 16.015
11.36427 0  0  2  0  cwnd_ 16.077
11.37427 0  0  2  0  cwnd_ 16.139
11.38427 0  0  2  0  cwnd_ 16.201
11.39427 0  0  2  0  cwnd_ 16.263
11.40427 0  0  2  0  cwnd_ 16.325
11.41427 0  0  2  0  cwnd_ 16.386
11.42427 0  0  2  0  cwnd_ 16.447
11.43427 0  0  2  0  cwnd_ 16.508
11.44427 0  0  2  0  cwnd_ 16.568
11.45427 0  0  2  0  cwnd_ 16.629
11.46427 0  0  2  0  cwnd_ 16.689
11.47427 0  0  2  0  cwnd_ 16.749
11.48427 0  0  2  0  cwnd_ 16.808
11.49427 0  0  2  0  cwnd_ 16.868
11.50427 0  0  2  0  cwnd_ 16.927
11.51427 0  0  2  0  cwnd_ 16.986
11.52427 0  0  2  0  cwnd_ 17.045
11.53427 0  0  2  0  cwnd_ 17.104
11.54427 0  0  2  0  cwnd_ 17.162
11.55427 0  0  2  0  cwnd_ 17.220
11.56427 0  0  2  0  cwnd_ 17.279
11.57427 0  0  2  0  cwnd_ 17.336
11.58427 0  0  2  0  cwnd_ 17.394
11.59427 0  0  2  0  cwnd_ 17.452
11.60427 0  0  2  0  cwnd_ 17.509
11.61427 0  0  2  0  cwnd_ 17.566
11.62427 0  0  2  0  cwnd_ 17.623
11.63427 0  0  2  0  cwnd_ 17.680
11.64427 0  0  2  0  cwnd_ 17.736
11.65427 0  0  2  0  cwnd_ 17.793
11.66427 0  0  2  0  cwnd_ 17.849
11.67427 0  0  2  0  cwnd_ 17.905
11.68427 0  0  2  0  cwnd_ 17.961
11.69427 0  0  2  0  cwnd_ 18.016
11.70427 0  0  2  0  cwnd_ 18.072
11.71427 0  0  2  0  cwnd_ 18.127
11.72427 0  0  2  0  cwnd_ 18.182
11.73427 0  0  2  0  cwnd_ 18.237
11.74427 0  0  2  0  cwnd_ 18.292
11.75427 0  0  2  0  cwnd_ 18.347
11.76427 0  0  2  0  cwnd_ 18.401
11.77427 0  0  2  0  cwnd_ 18.456
11.78427 0  0  2  0  cwnd_ 18.510
11.79427 0  0  2  0  cwnd_ 18.564
11.80427 0  0  2  0  cwnd_ 18.618
11.81427 0  0  2  0  cwnd_ 18.672
11.82427 0  0  2  0  cwnd_ 18.725
11.83427 0  0  2  0  cwnd_ 18.778
11.84427 0  0  2  0  cwnd_ 18.832
11.85427 0  0  2  0  cwnd_ 18.885
11.86427 0  0  2  0  cwnd_ 18.938
11.87427 0  0  2  0  cwnd_ 18.991
11.88427 0  0  2  0  cwnd_ 19.043
11.89427 0  0  2  0  cwnd_ 19.096
11.90427 0  0  2  0  cwnd_ 19.148
11.91427 0  0  2  0  cwnd_ 19.200
11.92427 0  0  2  0  cwnd_ 19.252
11.93427 0  0  2  0  cwnd_ 19.304
11.94427 0  0  2  0  cwnd_ 19.356
11.95427 0  0  2  0  cwnd_ 19.408
11.96427 0  0  2  0  cwnd_ 19.459
11.97427 0  0  2  0  cwnd_ 19.511
11.98427 0  0  2  0  cwnd_ 19.562
11.99427 0  0  2  0  cwnd_ 19.613
12.00427 0  0  2  0  cwnd_ 19.664
12.01427 0  0  2  0  cwnd_ 19.715
12.02427 0  0  2  0  cwnd_ 19.766
12.03427 0  0  2  0  cwnd_ 19.816
12.04427 0  0  2  0  cwnd_ 19.867
12.05427 0  0  2  0  cwnd_ 19.917
12.06427 0  0  2  0  cwnd_ 19.967
12.07427 0  0  2  0  cwnd_ 20.017
12.08427 0  0  2  0  cwnd_ 20.067
12.09427 0  0  2  0  cwnd_ 20.117
12.10427 0  0  2  0  cwnd_ 20.167
12.11427 0  0  2  0  cwnd_ 20.216
12.12427 0  0  2  0  cwnd_ 20.266
12.13427 0  0  2  0  cwnd_ 20.315
12.14427 0  0  2  0  cwnd_ 20.364
12.15427 0  0  2  0  cwnd_ 20.414
12.16427 0  0  2  0  cwnd_ 20.463
12.17427 0  0  2  0  cwnd_ 20.511
12.18427 0  0  2  0  cwnd_ 20.560
12.19427 0  0  2  0  cwnd_ 20.609
12.20427 0  0  2  0  cwnd_ 20.657
12.21427 0  0  2  0  cwnd_ 20.706
12.22427 0  0  2  0  cwnd_ 20.754
12.23427 0  0  2  0  cwnd_ 20.802
12.24427 0  0  2  0  cwnd_ 20.850
12.25427 0  0  2  0  cwnd_ 20.898
12.26427 0  0  2  0  cwnd_ 20.946
12.27427 0  0  2  0  cwnd_ 20.994
12.28427 0  0  2  0  cwnd_ 21.042
12.29427 0  0  2  0  cwnd_ 21.089
12.30427 0  0  2  0  cwnd_ 21.136
12.31427 0  0  2  0  cwnd_ 21.184
12.32427 0  0  2  0  cwnd_ 21.231
12.33427 0  0  2  0  cwnd_ 21.278
12.34427 0  0  2  0  cwnd_ 21.325
12.35427 0  0  2  0  cwnd_ 21.372
12.36427 0  0  2  0  cwnd_ 21.419
12.37427 0  0  2  0  cwnd_ 21.465
12.38427 0  0  2  0  cwnd_ 21.512
12.39427 0  0  2  0  cwnd_ 21.559
12.40427 0  0  2  0  cwnd_ 21.605
12.41427 0  0  2  0  cwnd_ 21.651
12.42427 0  0  2  0  cwnd_ 21.697
12.43427 0  0  2  0  cwnd_ 21.743
12.44427 0  0  2  0  cwnd_ 21.789
12.45427 0  0  2  0  cwnd_ 21.835
12.46427 0  0  2  0  cwnd_ 21.881
12.47427 0  0  2  0  cwnd_ 21.927
12.48427 0  0  2  0  cwnd_ 21.972
12.49427 0  0  2  0  cwnd_ 22.018
12.50427 0  0  2  0  cwnd_ 22.063
12.51427 0  0  2  0  cwnd_ 22.109
12.52427 0  0  2  0  cwnd_ 22.154
12.53427 0  0  2  0  cwnd_ 22.199
12.54427 0  0  2  0  cwnd_ 22.244
12.55427 0  0  2  0  cwnd_ 22.289
12.56427 0  0  2  0  cwnd_ 22.334
12.57427 0  0  2  0  cwnd_ 22.379
12.58427 0  0  2  0  cwnd_ 22.423
12.59427 0  0  2  0  cwnd_ 22.468
12.60427 0  0  2  0  cwnd_ 22.512
12.61427 0  0  2  0  cwnd_ 22.557
12.62427 0  0  2  0  cwnd_ 22.601
12.63427 0  0  2  0  cwnd_ 22.645
12.64427 0  0  2  0  cwnd_ 22.690
12.65427 0  0  2  0  cwnd_ 22.734
12.66427 0  0  2  0  cwnd_ 22.778
12.67427 0  0  2  0  cwnd_ 22.822
12.68427 0  0  2  0  cwnd_ 22.865
12.69427 0  0  2  0  cwnd_ 22.909
12.70427 0  0  2  0  cwnd_ 22.953
12.71427 0  0  2  0  cwnd_ 22.996
12.72427 0  0  2  0  cwnd_ 23.040
12.73427 0  0  2  0  cwnd_ 23.083
12.74427 0  0  2  0  cwnd_ 23.127
12.75427 0  0  2  0  cwnd_ 23.170
12.76427 0  0  2  0  cwnd_ 23.213
12.77427 0  0  2  0  cwnd_ 23.256
12.78427 0  0  2  0  cwnd_ 23.299
12.79427 0  0  2  0  cwnd_ 23.342
12.80427 0  0  2  0  cwnd_ 23.385
12.81427 0  0  2  0  cwnd_ 23.428
12.82427 0  0  2  0  cwnd_ 23.470
12.83427 0  0  2  0  cwnd_ 23.513
12.84427 0  0  2  0  cwnd_ 23.555
12.85427 0  0  2  0  cwnd_ 23.598
12.86427 0  0  2  0  cwnd_ 23.640
12.87427 0  0  2  0  cwnd_ 23.683
12.88427 0  0  2  0  cwnd_ 23.725
12.89427 0  0  2  0  cwnd_ 23.767
12.90427 0  0  2  0  cwnd_ 23.809
12.91427 0  0  2  0  cwnd_ 23.851
12.92427 0  0  2  0  cwnd_ 23.893
12.93427 0  0  2  0  cwnd_ 23.935
12.94427 0  0  2  0  cwnd_ 23.977
12.95427 0  0  2  0  cwnd_ 24.018
12.96427 0  0  2  0  cwnd_ 24.060
12.97427 0  0  2  0  cwnd_ 24.101
12.98427 0  0  2  0  cwnd_ 24.143
12.99427 0  0  2  0  cwnd_ 24.184
13.00427 0  0  2  0  cwnd_ 24.226
13.01427 0  0  2  0  cwnd_ 24.267
13.02427 0  0  2  0  cwnd_ 24.308
13.03427 0  0  2  0  cwnd_ 24.349
13.04427 0  0  2  0  cwnd_ 24.390
13.05427 0  0  2  0  cwnd_ 24.431
13.06427 0  0  2  0  cwnd_ 24.472
13.07427 0  0  2  0  cwnd_ 24.513
13.08427 0  0  2  0  cwnd_ 24.554
13.09427 0  0  2  0  cwnd_ 24.595
13.10427 0  0  2  0  cwnd_ 24.635
13.11427 0  0  2  0  cwnd_ 24.676
13.12427 0  0  2  0  cwnd_ 24.717
13.13427 0  0  2  0  cwnd_ 24.757
13.14427 0  0  2  0  cwnd_ 24.797
13.15427 0  0  2  0  cwnd_ 24.838
13.16427 0  0  2  0  cwnd_ 24.878
13.17427 0  0  2  0  cwnd_ 24.918
13.18427 0  0  2  0  cwnd_ 24.958
13.19427 0  0  2  0  cwnd_ 24.998
13.20427 0  0  2  0  cwnd_ 25.038
13.21427 0  0  2  0  cwnd_ 25.078
13.22427 0  0  2  0  cwnd_ 25.118
13.23427 0  0  2  0  cwnd_ 25.158
13.24427 0  0  2  0  cwnd_ 25.198
13.25427 0  0  2  0  cwnd_ 25.237
13.26427 0  0  2  0  cwnd_ 25.277
13.27427 0  0  2  0  cwnd_ 25.317
13.28427 0  0  2  0  cwnd_ 25.356
13.29427 0  0  2  0  cwnd_ 25.396
13.30427 0  0  2  0  cwnd_ 25.435
13.31427 0  0  2  0  cwnd_ 25.474
13.32427 0  0  2  0  cwnd_ 25.513
13.33427 0  0  2  0  cwnd_ 25.553
13.34427 0  0  2  0  cwnd_ 25.592
13.35427 0  0  2  0  cwnd_ 25.631
13.36427 0  0  2  0  cwnd_ 25.670
13.37427 0  0  2  0  cwnd_ 25.709
13.38427 0  0  2  0  cwnd_ 25.748
13.39427 0  0  2  0  cwnd_ 25.787
13.40427 0  0  2  0  cwnd_ 25.825
13.41427 0  0  2  0  cwnd_ 25.864
13.42427 0  0  2  0  cwnd_ 25.903
13.43427 0  0  2  0  cwnd_ 25.941
13.44427 0  0  2  0  cwnd_ 25.980
13.47427 0  0  2  0  cwnd_ 12.990
13.71427 0  0  2  0  cwnd_ 13.067
13.73550 0  0  2  0  cwnd_ 13.143
13.74550 0  0  2  0  cwnd_ 13.220
13.75550 0  0  2  0  cwnd_ 13.295
13.76550 0  0  2  0  cwnd_ 13.370
13.77550 0  0  2  0  cwnd_ 13.445
13.78550 0  0  2  0  cwnd_ 13.520
13.79550 0  0  2  0  cwnd_ 13.594
13.80550 0  0  2  0  cwnd_ 13.667
13.81550 0  0  2  0  cwnd_ 13.740
13.82550 0  0  2  0  cwnd_ 13.813
13.83550 0  0  2  0  cwnd_ 13.885
13.84550 0  0  2  0  cwnd_ 13.957
13.85550 0  0  2  0  cwnd_ 14.029
13.86674 0  0  2  0  cwnd_ 14.100
13.87674 0  0  2  0  cwnd_ 14.171
13.88674 0  0  2  0  cwnd_ 14.242
13.89674 0  0  2  0  cwnd_ 14.312
13.90674 0  0  2  0  cwnd_ 14.382
13.91674 0  0  2  0  cwnd_ 14.452
13.92674 0  0  2  0  cwnd_ 14.521
13.93674 0  0  2  0  cwnd_ 14.590
13.94674 0  0  2  0  cwnd_ 14.658
13.95674 0  0  2  0  cwnd_ 14.726
13.96674 0  0  2  0  cwnd_ 14.794
13.97674 0  0  2  0  cwnd_ 14.862
13.98674 0  0  2  0  cwnd_ 14.929
13.99674 0  0  2  0  cwnd_ 14.996
14.00674 0  0  2  0  cwnd_ 15.063
14.01674 0  0  2  0  cwnd_ 15.129
14.02674 0  0  2  0  cwnd_ 15.195
14.03674 0  0  2  0  cwnd_ 15.261
14.04674 0  0  2  0  cwnd_ 15.327
14.05674 0  0  2  0  cwnd_ 15.392
14.06674 0  0  2  0  cwnd_ 15.457
14.07674 0  0  2  0  cwnd_ 15.522
14.08674 0  0  2  0  cwnd_ 15.586
14.09674 0  0  2  0  cwnd_ 15.650
14.10674 0  0  2  0  cwnd_ 15.714
14.11674 0  0  2  0  cwnd_ 15.778
14.12674 0  0  2  0  cwnd_ 15.841
14.13674 0  0  2  0  cwnd_ 15.904
14.14674 0  0  2  0  cwnd_ 15.967
14.15674 0  0  2  0  cwnd_ 16.030
14.16674 0  0  2  0  cwnd_ 16.092
14.17674 0  0  2  0  cwnd_ 16.154
14.18674 0  0  2  0  cwnd_ 16.216
14.19674 0  0  2  0  cwnd_ 16.278
14.20674 0  0  2  0  cwnd_ 16.339
14.21674 0  0  2  0  cwnd_ 16.400
14.22674 0  0  2  0  cwnd_ 16.461
14.23674 0  0  2  0  cwnd_ 16.522
14.24674 0  0  2  0  cwnd_ 16.583
14.25674 0  0  2  0  cwnd_ 16.643
14.26674 0  0  2  0  cwnd_ 16.703
14.27674 0  0  2  0  cwnd_ 16.763
14.28674 0  0  2  0  cwnd_ 16.823
14.29674 0  0  2  0  cwnd_ 16.882
14.30674 0  0  2  0  cwnd_ 16.941
14.31674 0  0  2  0  cwnd_ 17.000
14.32674 0  0  2  0  cwnd_ 17.059
14.33674 0  0  2  0  cwnd_ 17.118
14.34674 0  0  2  0  cwnd_ 17.176
14.35674 0  0  2  0  cwnd_ 17.234
14.36674 0  0  2  0  cwnd_ 17.292
14.37674 0  0  2  0  cwnd_ 17.350
14.38674 0  0  2  0  cwnd_ 17.408
14.39674 0  0  2  0  cwnd_ 17.465
14.40674 0  0  2  0  cwnd_ 17.523
14.41674 0  0  2  0  cwnd_ 17.580
14.42674 0  0  2  0  cwnd_ 17.636
14.43674 0  0  2  0  cwnd_ 17.693
14.44674 0  0  2  0  cwnd_ 17.750
14.45674 0  0  2  0  cwnd_ 17.806
14.46674 0  0  2  0  cwnd_ 17.862
14.47674 0  0  2  0  cwnd_ 17.918
14.48674 0  0  2  0  cwnd_ 17.974
14.49674 0  0  2  0  cwnd_ 18.030
14.50674 0  0  2  0  cwnd_ 18.085
14.51674 0  0  2  0  cwnd_ 18.140
14.52674 0  0  2  0  cwnd_ 18.196
14.53674 0  0  2  0  cwnd_ 18.250
14.54674 0  0  2  0  cwnd_ 18.305
14.55674 0  0  2  0  cwnd_ 18.360
14.56674 0  0  2  0  cwnd_ 18.414
14.57674 0  0  2  0  cwnd_ 18.469
14.58674 0  0  2  0  cwnd_ 18.523
14.59674 0  0  2  0  cwnd_ 18.577
14.60674 0  0  2  0  cwnd_ 18.631
14.61674 0  0  2  0  cwnd_ 18.684
14.62674 0  0  2  0  cwnd_ 18.738
14.63674 0  0  2  0  cwnd_ 18.791
14.64674 0  0  2  0  cwnd_ 18.844
14.65674 0  0  2  0  cwnd_ 18.897
14.66674 0  0  2  0  cwnd_ 18.950
14.67674 0  0  2  0  cwnd_ 19.003
14.68674 0  0  2  0  cwnd_ 19.056
14.69674 0  0  2  0  cwnd_ 19.108
14.70674 0  0  2  0  cwnd_ 19.161
14.71674 0  0  2  0  cwnd_ 19.213
14.72674 0  0  2  0  cwnd_ 19.265
14.73674 0  0  2  0  cwnd_ 19.317
14.74674 0  0  2  0  cwnd_ 19.369
14.75674 0  0  2  0  cwnd_ 19.420
14.76674 0  0  2  0  cwnd_ 19.472
14.77674 0  0  2  0  cwnd_ 19.523
14.78674 0  0  2  0  cwnd_ 19.574
14.79674 0  0  2  0  cwnd_ 19.625
14.80674 0  0  2  0  cwnd_ 19.676
14.81674 0  0  2  0  cwnd_ 19.727
14.82674 0  0  2  0  cwnd_ 19.778
14.83674 0  0  2  0  cwnd_ 19.828
14.84674 0  0  2  0  cwnd_ 19.879
14.85674 0  0  2  0  cwnd_ 19.929
14.86674 0  0  2  0  cwnd_ 19.979
14.87674 0  0  2  0  cwnd_ 20.029
14.88674 0  0  2  0  cwnd_ 20.079
14.89674 0  0  2  0  cwnd_ 20.129
14.90674 0  0  2  0  cwnd_ 20.179
14.91674 0  0  2  0  cwnd_ 20.228
14.92674 0  0  2  0  cwnd_ 20.278
14.93674 0  0  2  0  cwnd_ 20.327
14.94674 0  0  2  0  cwnd_ 20.376
14.95674 0  0  2  0  cwnd_ 20.425
14.96674 0  0  2  0  cwnd_ 20.474
14.97674 0  0  2  0  cwnd_ 20.523
14.98674 0  0  2  0  cwnd_ 20.572
14.99674 0  0  2  0  cwnd_ 20.620
15.00674 0  0  2  0  cwnd_ 20.669
15.01674 0  0  2  0  cwnd_ 20.717
15.02674 0  0  2  0  cwnd_ 20.766
15.03674 0  0  2  0  cwnd_ 20.814
15.04674 0  0  2  0  cwnd_ 20.862
15.05674 0  0  2  0  cwnd_ 20.910
15.06674 0  0  2  0  cwnd_ 20.958
15.07674 0  0  2  0  cwnd_ 21.005
15.08674 0  0  2  0  cwnd_ 21.053
15.09674 0  0  2  0  cwnd_ 21.100
15.10674 0  0  2  0  cwnd_ 21.148
15.11674 0  0  2  0  cwnd_ 21.195
15.12674 0  0  2  0  cwnd_ 21.242
15.13674 0  0  2  0  cwnd_ 21.289
15.14674 0  0  2  0  cwnd_ 21.336
15.15674 0  0  2  0  cwnd_ 21.383
15.16674 0  0  2  0  cwnd_ 21.430
15.17674 0  0  2  0  cwnd_ 21.477
15.18674 0  0  2  0  cwnd_ 21.523
15.19674 0  0  2  0  cwnd_ 21.570
15.20674 0  0  2  0  cwnd_ 21.616
15.21674 0  0  2  0  cwnd_ 21.662
15.22674 0  0  2  0  cwnd_ 21.708
15.23674 0  0  2  0  cwnd_ 21.754
15.24674 0  0  2  0  cwnd_ 21.800
15.25674 0  0  2  0  cwnd_ 21.846
15.26674 0  0  2  0  cwnd_ 21.892
15.27674 0  0  2  0  cwnd_ 21.938
15.28674 0  0  2  0  cwnd_ 21.983
15.29674 0  0  2  0  cwnd_ 22.029
15.30674 0  0  2  0  cwnd_ 22.074
15.31674 0  0  2  0  cwnd_ 22.119
15.32674 0  0  2  0  cwnd_ 22.165
15.33674 0  0  2  0  cwnd_ 22.210
15.34674 0  0  2  0  cwnd_ 22.255
15.35674 0  0  2  0  cwnd_ 22.300
15.36674 0  0  2  0  cwnd_ 22.345
15.37674 0  0  2  0  cwnd_ 22.389
15.38674 0  0  2  0  cwnd_ 22.434
15.39674 0  0  2  0  cwnd_ 22.479
15.40674 0  0  2  0  cwnd_ 22.523
15.41674 0  0  2  0  cwnd_ 22.568
15.42674 0  0  2  0  cwnd_ 22.612
15.43674 0  0  2  0  cwnd_ 22.656
15.44674 0  0  2  0  cwnd_ 22.700
15.45674 0  0  2  0  cwnd_ 22.744
15.46674 0  0  2  0  cwnd_ 22.788
15.47674 0  0  2  0  cwnd_ 22.832
15.48674 0  0  2  0  cwnd_ 22.876
15.49674 0  0  2  0  cwnd_ 22.920
15.50674 0  0  2  0  cwnd_ 22.963
15.51674 0  0  2  0  cwnd_ 23.007
15.52674 0  0  2  0  cwnd_ 23.050
15.53674 0  0  2  0  cwnd_ 23.094
15.54674 0  0  2  0  cwnd_ 23.137
15.55674 0  0  2  0  cwnd_ 23.180
15.56674 0  0  2  0  cwnd_ 23.223
15.57674 0  0  2  0  cwnd_ 23.266
15.58674 0  0  2  0  cwnd_ 23.309
15.59674 0  0  2  0  cwnd_ 23.352
15.60674 0  0  2  0  cwnd_ 23.395
15.61674 0  0  2  0  cwnd_ 23.438
15.62674 0  0  2  0  cwnd_ 23.480
15.63674 0  0  2  0  cwnd_ 23.523
15.64674 0  0  2  0  cwnd_ 23.566
15.65674 0  0  2  0  cwnd_ 23.608
15.66674 0  0  2  0  cwnd_ 23.650
15.67674 0  0  2  0  cwnd_ 23.693
15.68674 0  0  2  0  cwnd_ 23.735
15.69674 0  0  2  0  cwnd_ 23.777
15.70674 0  0  2  0  cwnd_ 23.819
15.71674 0  0  2  0  cwnd_ 23.861
15.72674 0  0  2  0  cwnd_ 23.903
15.73674 0  0  2  0  cwnd_ 23.945
15.74674 0  0  2  0  cwnd_ 23.987
15.75674 0  0  2  0  cwnd_ 24.028
15.76674 0  0  2  0  cwnd_ 24.070
15.77674 0  0  2  0  cwnd_ 24.111
15.78674 0  0  2  0  cwnd_ 24.153
15.79674 0  0  2  0  cwnd_ 24.194
15.80674 0  0  2  0  cwnd_ 24.236
15.81674 0  0  2  0  cwnd_ 24.277
15.82674 0  0  2  0  cwnd_ 24.318
15.83674 0  0  2  0  cwnd_ 24.359
15.84674 0  0  2  0  cwnd_ 24.400
15.85674 0  0  2  0  cwnd_ 24.441
15.86674 0  0  2  0  cwnd_ 24.482
15.87674 0  0  2  0  cwnd_ 24.523
15.88674 0  0  2  0  cwnd_ 24.564
15.89674 0  0  2  0  cwnd_ 24.604
15.90674 0  0  2  0  cwnd_ 24.645
15.91674 0  0  2  0  cwnd_ 24.686
15.92674 0  0  2  0  cwnd_ 24.726
15.93674 0  0  2  0  cwnd_ 24.767
15.94674 0  0  2  0  cwnd_ 24.807
15.95674 0  0  2  0  cwnd_ 24.847
15.96674 0  0  2  0  cwnd_ 24.888
15.97674 0  0  2  0  cwnd_ 24.928
15.98674 0  0  2  0  cwnd_ 24.968
15.99674 0  0  2  0  cwnd_ 25.008
16.00674 0  0  2  0  cwnd_ 25.048
16.01674 0  0  2  0  cwnd_ 25.088
16.02674 0  0  2  0  cwnd_ 25.128
16.03674 0  0  2  0  cwnd_ 25.167
16.04674 0  0  2  0  cwnd_ 25.207
16.05674 0  0  2  0  cwnd_ 25.247
16.06674 0  0  2  0  cwnd_ 25.286
16.07674 0  0  2  0  cwnd_ 25.326
16.08674 0  0  2  0  cwnd_ 25.366
16.09674 0  0  2  0  cwnd_ 25.405
16.10674 0  0  2  0  cwnd_ 25.444
16.11674 0  0  2  0  cwnd_ 25.484
16.12674 0  0  2  0  cwnd_ 25.523
16.13674 0  0  2  0  cwnd_ 25.562
16.14674 0  0  2  0  cwnd_ 25.601
16.15674 0  0  2  0  cwnd_ 25.640
16.16674 0  0  2  0  cwnd_ 25.679
16.17674 0  0  2  0  cwnd_ 25.718
16.18674 0  0  2  0  cwnd_ 25.757
16.19674 0  0  2  0  cwnd_ 25.796
16.20674 0  0  2  0  cwnd_ 25.835
16.21674 0  0  2  0  cwnd_ 25.873
16.22674 0  0  2  0  cwnd_ 25.912
16.23674 0  0  2  0  cwnd_ 25.951
16.26674 0  0  2  0  cwnd_ 12.975
16.50674 0  0  2  0  cwnd_ 13.052
16.52797 0  0  2  0  cwnd_ 13.129
16.53797 0  0  2  0  cwnd_ 13.205
16.54797 0  0  2  0  cwnd_ 13.281
16.55797 0  0  2  0  cwnd_ 13.356
16.56797 0  0  2  0  cwnd_ 13.431
16.57797 0  0  2  0  cwnd_ 13.505
16.58797 0  0  2  0  cwnd_ 13.580
16.59797 0  0  2  0  cwnd_ 13.653
16.60797 0  0  2  0  cwnd_ 13.726
16.61797 0  0  2  0  cwnd_ 13.799
16.62797 0  0  2  0  cwnd_ 13.872
16.63797 0  0  2  0  cwnd_ 13.944
16.64797 0  0  2  0  cwnd_ 14.016
16.65920 0  0  2  0  cwnd_ 14.087
16.66920 0  0  2  0  cwnd_ 14.158
16.67920 0  0  2  0  cwnd_ 14.229
16.68920 0  0  2  0  cwnd_ 14.299
16.69920 0  0  2  0  cwnd_ 14.369
16.70920 0  0  2  0  cwnd_ 14.438
16.71920 0  0  2  0  cwnd_ 14.508
16.72920 0  0  2  0  cwnd_ 14.577
16.73920 0  0  2  0  cwnd_ 14.645
16.74920 0  0  2  0  cwnd_ 14.713
16.75920 0  0  2  0  cwnd_ 14.781
16.76920 0  0  2  0  cwnd_ 14.849
16.77920 0  0  2  0  cwnd_ 14.916
16.78920 0  0  2  0  cwnd_ 14.983
16.79920 0  0  2  0  cwnd_ 15.050
16.80920 0  0  2  0  cwnd_ 15.117
16.81920 0  0  2  0  cwnd_ 15.183
16.82920 0  0  2  0  cwnd_ 15.249
16.83920 0  0  2  0  cwnd_ 15.314
16.84920 0  0  2  0  cwnd_ 15.379
16.85920 0  0  2  0  cwnd_ 15.445
16.86920 0  0  2  0  cwnd_ 15.509
16.87920 0  0  2  0  cwnd_ 15.574
16.88920 0  0  2  0  cwnd_ 15.638
16.89920 0  0  2  0  cwnd_ 15.702
16.90920 0  0  2  0  cwnd_ 15.766
16.91920 0  0  2  0  cwnd_ 15.829
16.92920 0  0  2  0  cwnd_ 15.892
16.93920 0  0  2  0  cwnd_ 15.955
16.94920 0  0  2  0  cwnd_ 16.018
16.95920 0  0  2  0  cwnd_ 16.080
16.96920 0  0  2  0  cwnd_ 16.142
16.97920 0  0  2  0  cwnd_ 16.204
16.98920 0  0  2  0  cwnd_ 16.266
16.99920 0  0  2  0  cwnd_ 16.328
17.00920 0  0  2  0  cwnd_ 16.389
17.01920 0  0  2  0  cwnd_ 16.450
17.02920 0  0  2  0  cwnd_ 16.511
17.03920 0  0  2  0  cwnd_ 16.571
17.04920 0  0  2  0  cwnd_ 16.632
17.05920 0  0  2  0  cwnd_ 16.692
17.06920 0  0  2  0  cwnd_ 16.752
17.07920 0  0  2  0  cwnd_ 16.811
17.08920 0  0  2  0  cwnd_ 16.871
17.09920 0  0  2  0  cwnd_ 16.930
17.10920 0  0  2  0  cwnd_ 16.989
17.11920 0  0  2  0  cwnd_ 17.048
17.12920 0  0  2  0  cwnd_ 17.107
17.13920 0  0  2  0  cwnd_ 17.165
17.14920 0  0  2  0  cwnd_ 17.223
17.15920 0  0  2  0  cwnd_ 17.281
17.16920 0  0  2  0  cwnd_ 17.339
17.17920 0  0  2  0  cwnd_ 17.397
17.18920 0  0  2  0  cwnd_ 17.454
17.19920 0  0  2  0  cwnd_ 17.512
17.20920 0  0  2  0  cwnd_ 17.569
17.21920 0  0  2  0  cwnd_ 17.626
17.22920 0  0  2  0  cwnd_ 17.682
17.23920 0  0  2  0  cwnd_ 17.739
17.24920 0  0  2  0  cwnd_ 17.795
17.25920 0  0  2  0  cwnd_ 17.852
17.26920 0  0  2  0  cwnd_ 17.908
17.27920 0  0  2  0  cwnd_ 17.963
17.28920 0  0  2  0  cwnd_ 18.019
17.29920 0  0  2  0  cwnd_ 18.075
17.30920 0  0  2  0  cwnd_ 18.130
17.31920 0  0  2  0  cwnd_ 18.185
17.32920 0  0  2  0  cwnd_ 18.240
17.33920 0  0  2  0  cwnd_ 18.295
17.34920 0  0  2  0  cwnd_ 18.350
17.35920 0  0  2  0  cwnd_ 18.404
17.36920 0  0  2  0  cwnd_ 18.458
17.37920 0  0  2  0  cwnd_ 18.513
17.38920 0  0  2  0  cwnd_ 18.567
17.39920 0  0  2  0  cwnd_ 18.620
17.40920 0  0  2  0  cwnd_ 18.674
17.41920 0  0  2  0  cwnd_ 18.728
17.42920 0  0  2  0  cwnd_ 18.781
17.43920 0  0  2  0  cwnd_ 18.834
17.44920 0  0  2  0  cwnd_ 18.887
17.45920 0  0  2  0  cwnd_ 18.940
17.46920 0  0  2  0  cwnd_ 18.993
17.47920 0  0  2  0  cwnd_ 19.046
17.48920 0  0  2  0  cwnd_ 19.098
17.49920 0  0  2  0  cwnd_ 19.151
17.50920 0  0  2  0  cwnd_ 19.203
17.51920 0  0  2  0  cwnd_ 19.255
17.52920 0  0  2  0  cwnd_ 19.307
17.53920 0  0  2  0  cwnd_ 19.359
17.54920 0  0  2  0  cwnd_ 19.410
17.55920 0  0  2  0  cwnd_ 19.462
17.56920 0  0  2  0  cwnd_ 19.513
17.57920 0  0  2  0  cwnd_ 19.564
17.58920 0  0  2  0  cwnd_ 19.616
17.59920 0  0  2  0  cwnd_ 19.667
17.60920 0  0  2  0  cwnd_ 19.717
17.61920 0  0  2  0  cwnd_ 19.768
17.62920 0  0  2  0  cwnd_ 19.819
17.63920 0  0  2  0  cwnd_ 19.869
17.64920 0  0  2  0  cwnd_ 19.920
17.65920 0  0  2  0  cwnd_ 19.970
17.66920 0  0  2  0  cwnd_ 20.020
17.67920 0  0  2  0  cwnd_ 20.070
17.68920 0  0  2  0  cwnd_ 20.120
17.69920 0  0  2  0  cwnd_ 20.169
17.70920 0  0  2  0  cwnd_ 20.219
17.71920 0  0  2  0  cwnd_ 20.268
17.72920 0  0  2  0  cwnd_ 20.318
17.73920 0  0  2  0  cwnd_ 20.367
17.74920 0  0  2  0  cwnd_ 20.416
17.75920 0  0  2  0  cwnd_ 20.465
17.76920 0  0  2  0  cwnd_ 20.514
17.77920 0  0  2  0  cwnd_ 20.563
17.78920 0  0  2  0  cwnd_ 20.611
17.79920 0  0  2  0  cwnd_ 20.660
17.80920 0  0  2  0  cwnd_ 20.708
17.81920 0  0  2  0  cwnd_ 20.756
17.82920 0  0  2  0  cwnd_ 20.805
17.83920 0  0  2  0  cwnd_ 20.853
17.84920 0  0  2  0  cwnd_ 20.901
17.85920 0  0  2  0  cwnd_ 20.948
17.86920 0  0  2  0  cwnd_ 20.996
17.87920 0  0  2  0  cwnd_ 21.044
17.88920 0  0  2  0  cwnd_ 21.091
17.89920 0  0  2  0  cwnd_ 21.139
17.90920 0  0  2  0  cwnd_ 21.186
17.91920 0  0  2  0  cwnd_ 21.233
17.92920 0  0  2  0  cwnd_ 21.280
17.93920 0  0  2  0  cwnd_ 21.327
17.94920 0  0  2  0  cwnd_ 21.374
17.95920 0  0  2  0  cwnd_ 21.421
17.96920 0  0  2  0  cwnd_ 21.468
17.97920 0  0  2  0  cwnd_ 21.514
17.98920 0  0  2  0  cwnd_ 21.561
17.99920 0  0  2  0  cwnd_ 21.607
18.00920 0  0  2  0  cwnd_ 21.653
18.01920 0  0  2  0  cwnd_ 21.700
18.02920 0  0  2  0  cwnd_ 21.746
18.03920 0  0  2  0  cwnd_ 21.792
18.04920 0  0  2  0  cwnd_ 21.838
18.05920 0  0  2  0  cwnd_ 21.883
18.06920 0  0  2  0  cwnd_ 21.929
18.07920 0  0  2  0  cwnd_ 21.975
18.08920 0  0  2  0  cwnd_ 22.020
18.09920 0  0  2  0  cwnd_ 22.066
18.10920 0  0  2  0  cwnd_ 22.111
18.11920 0  0  2  0  cwnd_ 22.156
18.12920 0  0  2  0  cwnd_ 22.201
18.13920 0  0  2  0  cwnd_ 22.246
18.14920 0  0  2  0  cwnd_ 22.291
18.15920 0  0  2  0  cwnd_ 22.336
18.16920 0  0  2  0  cwnd_ 22.381
18.17920 0  0  2  0  cwnd_ 22.426
18.18920 0  0  2  0  cwnd_ 22.470
18.19920 0  0  2  0  cwnd_ 22.515
18.20920 0  0  2  0  cwnd_ 22.559
18.21920 0  0  2  0  cwnd_ 22.603
18.22920 0  0  2  0  cwnd_ 22.648
18.23920 0  0  2  0  cwnd_ 22.692
18.24920 0  0  2  0  cwnd_ 22.736
18.25920 0  0  2  0  cwnd_ 22.780
18.26920 0  0  2  0  cwnd_ 22.824
18.27920 0  0  2  0  cwnd_ 22.868
18.28920 0  0  2  0  cwnd_ 22.911
18.29920 0  0  2  0  cwnd_ 22.955
18.30920 0  0  2  0  cwnd_ 22.999
18.31920 0  0  2  0  cwnd_ 23.042
18.32920 0  0  2  0  cwnd_ 23.085
18.33920 0  0  2  0  cwnd_ 23.129
18.34920 0  0  2  0  cwnd_ 23.172
18.35920 0  0  2  0  cwnd_ 23.215
18.36920 0  0  2  0  cwnd_ 23.258
18.37920 0  0  2  0  cwnd_ 23.301
18.38920 0  0  2  0  cwnd_ 23.344
18.39920 0  0  2  0  cwnd_ 23.387
18.40920 0  0  2  0  cwnd_ 23.430
18.41920 0  0  2  0  cwnd_ 23.472
18.42920 0  0  2  0  cwnd_ 23.515
18.43920 0  0  2  0  cwnd_ 23.557
18.44920 0  0  2  0  cwnd_ 23.600
18.45920 0  0  2  0  cwnd_ 23.642
18.46920 0  0  2  0  cwnd_ 23.685
18.47920 0  0  2  0  cwnd_ 23.727
18.48920 0  0  2  0  cwnd_ 23.769
18.49920 0  0  2  0  cwnd_ 23.811
18.50920 0  0  2  0  cwnd_ 23.853
18.51920 0  0  2  0  cwnd_ 23.895
18.52920 0  0  2  0  cwnd_ 23.937
18.53920 0  0  2  0  cwnd_ 23.979
18.54920 0  0  2  0  cwnd_ 24.020
18.55920 0  0  2  0  cwnd_ 24.062
18.56920 0  0  2  0  cwnd_ 24.103
18.57920 0  0  2  0  cwnd_ 24.145
18.58920 0  0  2  0  cwnd_ 24.186
18.59920 0  0  2  0  cwnd_ 24.228
18.60920 0  0  2  0  cwnd_ 24.269
18.61920 0  0  2  0  cwnd_ 24.310
18.62920 0  0  2  0  cwnd_ 24.351
18.63920 0  0  2  0  cwnd_ 24.392
18.64920 0  0  2  0  cwnd_ 24.433
18.65920 0  0  2  0  cwnd_ 24.474
18.66920 0  0  2  0  cwnd_ 24.515
18.67920 0  0  2  0  cwnd_ 24.556
18.68920 0  0  2  0  cwnd_ 24.597
18.69920 0  0  2  0  cwnd_ 24.637
18.70920 0  0  2  0  cwnd_ 24.678
18.71920 0  0  2  0  cwnd_ 24.718
18.72920 0  0  2  0  cwnd_ 24.759
18.73920 0  0  2  0  cwnd_ 24.799
18.74920 0  0  2  0  cwnd_ 24.840
18.75920 0  0  2  0  cwnd_ 24.880
18.76920 0  0  2  0  cwnd_ 24.920
18.77920 0  0  2  0  cwnd_ 24.960
18.78920 0  0  2  0  cwnd_ 25.000
18.79920 0  0  2  0  cwnd_ 25.040
18.80920 0  0  2  0  cwnd_ 25.080
18.81920 0  0  2  0  cwnd_ 25.120
18.82920 0  0  2  0  cwnd_ 25.160
18.83920 0  0  2  0  cwnd_ 25.200
18.84920 0  0  2  0  cwnd_ 25.239
18.85920 0  0  2  0  cwnd_ 25.279
18.86920 0  0  2  0  cwnd_ 25.319
18.87920 0  0  2  0  cwnd_ 25.358
18.88920 0  0  2  0  cwnd_ 25.397
18.89920 0  0  2  0  cwnd_ 25.437
18.90920 0  0  2  0  cwnd_ 25.476
18.91920 0  0  2  0  cwnd_ 25.515
18.92920 0  0  2  0  cwnd_ 25.555
18.93920 0  0  2  0  cwnd_ 25.594
18.94920 0  0  2  0  cwnd_ 25.633
18.95920 0  0  2  0  cwnd_ 25.672
18.96920 0  0  2  0  cwnd_ 25.711
18.97920 0  0  2  0  cwnd_ 25.750
18.98920 0  0  2  0  cwnd_ 25.788
18.99920 0  0  2  0  cwnd_ 25.827
19.00920 0  0  2  0  cwnd_ 25.866
19.01920 0  0  2  0  cwnd_ 25.905
19.02920 0  0  2  0  cwnd_ 25.943
19.05920 0  0  2  0  cwnd_ 12.972
19.29920 0  0  2  0  cwnd_ 13.049
19.32043 0  0  2  0  cwnd_ 13.125
19.33043 0  0  2  0  cwnd_ 13.202
19.34043 0  0  2  0  cwnd_ 13.277
19.35043 0  0  2  0  cwnd_ 13.353
19.36043 0  0  2  0  cwnd_ 13.427
19.37043 0  0  2  0  cwnd_ 13.502
19.38043 0  0  2  0  cwnd_ 13.576
19.39043 0  0  2  0  cwnd_ 13.650
19.40043 0  0  2  0  cwnd_ 13.723
19.41043 0  0  2  0  cwnd_ 13.796
19.42043 0  0  2  0  cwnd_ 13.868
19.43043 0  0  2  0  cwnd_ 13.940
19.44043 0  0  2  0  cwnd_ 14.012
19.45166 0  0  2  0  cwnd_ 14.084
19.46166 0  0  2  0  cwnd_ 14.155
19.47166 0  0  2  0  cwnd_ 14.225
19.48166 0  0  2  0  cwnd_ 14.295
19.49166 0  0  2  0  cwnd_ 14.365
19.50166 0  0  2  0  cwnd_ 14.435
19.51166 0  0  2  0  cwnd_ 14.504
19.52166 0  0  2  0  cwnd_ 14.573
19.53166 0  0  2  0  cwnd_ 14.642
19.54166 0  0  2  0  cwnd_ 14.710
19.55166 0  0  2  0  cwnd_ 14.778
19.56166 0  0  2  0  cwnd_ 14.846
19.57166 0  0  2  0  cwnd_ 14.913
19.58166 0  0  2  0  cwnd_ 14.980
19.59166 0  0  2  0  cwnd_ 15.047
19.60166 0  0  2  0  cwnd_ 15.113
19.61166 0  0  2  0  cwnd_ 15.180
19.62166 0  0  2  0  cwnd_ 15.245
19.63166 0  0  2  0  cwnd_ 15.311
19.64166 0  0  2  0  cwnd_ 15.376
19.65166 0  0  2  0  cwnd_ 15.441
19.66166 0  0  2  0  cwnd_ 15.506
19.67166 0  0  2  0  cwnd_ 15.571
19.68166 0  0  2  0  cwnd_ 15.635
19.69166 0  0  2  0  cwnd_ 15.699
19.70166 0  0  2  0  cwnd_ 15.763
19.71166 0  0  2  0  cwnd_ 15.826
19.72166 0  0  2  0  cwnd_ 15.889
19.73166 0  0  2  0  cwnd_ 15.952
19.74166 0  0  2  0  cwnd_ 16.015
19.75166 0  0  2  0  cwnd_ 16.077
19.76166 0  0  2  0  cwnd_ 16.139
19.77166 0  0  2  0  cwnd_ 16.201
19.78166 0  0  2  0  cwnd_ 16.263
19.79166 0  0  2  0  cwnd_ 16.325
19.80166 0  0  2  0  cwnd_ 16.386
19.81166 0  0  2  0  cwnd_ 16.447
19.82166 0  0  2  0  cwnd_ 16.508
19.83166 0  0  2  0  cwnd_ 16.568
19.84166 0  0  2  0  cwnd_ 16.629
19.85166 0  0  2  0  cwnd_ 16.689
19.86166 0  0  2  0  cwnd_ 16.749
19.87166 0  0  2  0  cwnd_ 16.808
19.88166 0  0  2  0  cwnd_ 16.868
19.89166 0  0  2  0  cwnd_ 16.927
19.90166 0  0  2  0  cwnd_ 16.986
19.91166 0  0  2  0  cwnd_ 17.045
19.92166 0  0  2  0  cwnd_ 17.104
19.93166 0  0  2  0  cwnd_ 17.162
19.94166 0  0  2  0  cwnd_ 17.221
19.95166 0  0  2  0  cwnd_ 17.279
19.96166 0  0  2  0  cwnd_ 17.336
19.97166 0  0  2  0  cwnd_ 17.394
19.98166 0  0  2  0  cwnd_ 17.452
19.99166 0  0  2  0  cwnd_ 17.509
