0.00000  0  0  -1 -1 cwnd_ 1.000 
0.12086  0  0  2  0  cwnd_ 2.000 
0.25210  0  0  2  0  cwnd_ 3.000 
0.26210  0  0  2  0  cwnd_ 4.000 
0.38333  0  0  2  0  cwnd_ 5.000 
0.39333  0  0  2  0  cwnd_ 6.000 
0.40333  0  0  2  0  cwnd_ 7.000 
0.41333  0  0  2  0  cwnd_ 8.000 
0.51456  0  0  2  0  cwnd_ 9.000 
0.52456  0  0  2  0  cwnd_ 10.000
0.53456  0  0  2  0  cwnd_ 11.000
0.54456  0  0  2  0  cwnd_ 12.000
0.55456  0  0  2  0  cwnd_ 13.000
0.56456  0  0  2  0  cwnd_ 14.000
0.57456  0  0  2  0  cwnd_ 15.000
0.58456  0  0  2  0  cwnd_ 16.000
0.64579  0  0  2  0  cwnd_ 17.000
0.65579  0  0  2  0  cwnd_ 18.000
0.66579  0  0  2  0  cwnd_ 19.000
0.67579  0  0  2  0  cwnd_ 20.000
0.68579  0  0  2  0  cwnd_ 21.000
0.69579  0  0  2  0  cwnd_ 22.000
0.70579  0  0  2  0  cwnd_ 23.000
0.71579  0  0  2  0  cwnd_ 24.000
0.72579  0  0  2  0  cwnd_ 25.000
0.73579  0  0  2  0  cwnd_ 26.000
0.74579  0  0  2  0  cwnd_ 27.000
0.75579  0  0  2  0  cwnd_ 28.000
0.76579  0  0  2  0  cwnd_ 29.000
0.77579  0  0  2  0  cwnd_ 30.000
0.78579  0  0  2  0  cwnd_ 31.000
0.79579  0  0  2  0  cwnd_ 32.000
0.80579  0  0  2  0  cwnd_ 33.000
0.81579  0  0  2  0  cwnd_ 34.000
0.82579  0  0  2  0  cwnd_ 35.000
0.83579  0  0  2  0  cwnd_ 36.000
0.84579  0  0  2  0  cwnd_ 37.000
0.85579  0  0  2  0  cwnd_ 38.000
0.86579  0  0  2  0  cwnd_ 39.000
0.87579  0  0  2  0  cwnd_ 40.000
0.88579  0  0  2  0  cwnd_ 41.000
0.89579  0  0  2  0  cwnd_ 42.000
0.90579  0  0  2  0  cwnd_ 43.000
0.91579  0  0  2  0  cwnd_ 44.000
0.92579  0  0  2  0  cwnd_ 45.000
0.93579  0  0  2  0  cwnd_ 46.000
0.94579  0  0  2  0  cwnd_ 47.000
0.95579  0  0  2  0  cwnd_ 48.000
0.96579  0  0  2  0  cwnd_ 49.000
0.99579  0  0  2  0  cwnd_ 1.000 
1.23579  0  0  2  0  cwnd_ 2.000 
1.36702  0  0  2  0  cwnd_ 3.000 
1.49826  0  0  2  0  cwnd_ 4.000 
1.51826  0  0  2  0  cwnd_ 5.000 
1.62949  0  0  2  0  cwnd_ 6.000 
1.64949  0  0  2  0  cwnd_ 7.000 
1.66949  0  0  2  0  cwnd_ 8.000 
1.76072  0  0  2  0  cwnd_ 9.000 
1.78072  0  0  2  0  cwnd_ 10.000
1.80072  0  0  2  0  cwnd_ 11.000
1.82072  0  0  2  0  cwnd_ 12.000
1.84072  0  0  2  0  cwnd_ 13.000
1.90195  0  0  2  0  cwnd_ 14.000
1.92195  0  0  2  0  cwnd_ 15.000
1.94195  0  0  2  0  cwnd_ 16.000
1.96195  0  0  2  0  cwnd_ 17.000
1.98195  0  0  2  0  cwnd_ 18.000
2.00195  0  0  2  0  cwnd_ 19.000
2.02195  0  0  2  0  cwnd_ 20.000
2.04195  0  0  2  0  cwnd_ 21.000
2.06195  0  0  2  0  cwnd_ 22.000
2.08195  0  0  2  0  cwnd_ 23.000
2.10195  0  0  2  0  cwnd_ 24.000
2.12195  0  0  2  0  cwnd_ 24.042
2.14195  0  0  2  0  cwnd_ 24.083
2.17195  0  0  2  0  cwnd_ 24.125
2.18195  0  0  2  0  cwnd_ 24.166
2.19195  0  0  2  0  cwnd_ 24.208
2.20195  0  0  2  0  cwnd_ 24.249
2.21195  0  0  2  0  cwnd_ 24.290
2.22195  0  0  2  0  cwnd_ 24.331
2.23195  0  0  2  0  cwnd_ 24.372
2.24195  0  0  2  0  cwnd_ 24.413
2.25195  0  0  2  0  cwnd_ 24.454
2.26195  0  0  2  0  cwnd_ 24.495
2.27195  0  0  2  0  cwnd_ 24.536
2.28195  0  0  2  0  cwnd_ 24.577
2.29195  0  0  2  0  cwnd_ 24.618
2.30195  0  0  2  0  cwnd_ 24.658
2.31195  0  0  2  0  cwnd_ 24.699
2.32195  0  0  2  0  cwnd_ 24.739
2.33195  0  0  2  0  cwnd_ 24.780
2.34195  0  0  2  0  cwnd_ 24.820
2.37195  0  0  2  0  cwnd_ 1.000 
2.59195  0  0  2  0  cwnd_ 2.000 
2.72318  0  0  2  0  cwnd_ 3.000 
2.85442  0  0  2  0  cwnd_ 4.000 
2.86442  0  0  2  0  cwnd_ 5.000 
2.87442  0  0  2  0  cwnd_ 6.000 
2.88442  0  0  2  0  cwnd_ 7.000 
2.98565  0  0  2  0  cwnd_ 8.000 
2.99565  0  0  2  0  cwnd_ 9.000 
3.00565  0  0  2  0  cwnd_ 10.000
3.01565  0  0  2  0  cwnd_ 11.000
3.02565  0  0  2  0  cwnd_ 12.000
3.03565  0  0  2  0  cwnd_ 12.083
3.04565  0  0  2  0  cwnd_ 12.166
3.11688  0  0  2  0  cwnd_ 12.248
3.12688  0  0  2  0  cwnd_ 12.330
3.13688  0  0  2  0  cwnd_ 12.411
3.14688  0  0  2  0  cwnd_ 12.492
3.15688  0  0  2  0  cwnd_ 12.572
3.16688  0  0  2  0  cwnd_ 12.651
3.17688  0  0  2  0  cwnd_ 12.730
3.18688  0  0  2  0  cwnd_ 12.809
3.19688  0  0  2  0  cwnd_ 12.887
3.20688  0  0  2  0  cwnd_ 12.964
3.21688  0  0  2  0  cwnd_ 13.042
3.22688  0  0  2  0  cwnd_ 13.118
3.24811  0  0  2  0  cwnd_ 13.195
3.25811  0  0  2  0  cwnd_ 13.270
3.26811  0  0  2  0  cwnd_ 13.346
3.27811  0  0  2  0  cwnd_ 13.421
3.28811  0  0  2  0  cwnd_ 13.495
3.29811  0  0  2  0  cwnd_ 13.569
3.30811  0  0  2  0  cwnd_ 13.643
3.31811  0  0  2  0  cwnd_ 13.716
3.32811  0  0  2  0  cwnd_ 13.789
3.33811  0  0  2  0  cwnd_ 13.862
3.34811  0  0  2  0  cwnd_ 13.934
3.35811  0  0  2  0  cwnd_ 14.006
3.36811  0  0  2  0  cwnd_ 14.077
3.37934  0  0  2  0  cwnd_ 14.148
3.38934  0  0  2  0  cwnd_ 14.219
3.39934  0  0  2  0  cwnd_ 14.289
3.40934  0  0  2  0  cwnd_ 14.359
3.41934  0  0  2  0  cwnd_ 14.429
3.42934  0  0  2  0  cwnd_ 14.498
3.43934  0  0  2  0  cwnd_ 14.567
3.44934  0  0  2  0  cwnd_ 14.636
3.45934  0  0  2  0  cwnd_ 14.704
3.46934  0  0  2  0  cwnd_ 14.772
3.47934  0  0  2  0  cwnd_ 14.840
3.48934  0  0  2  0  cwnd_ 14.907
3.49934  0  0  2  0  cwnd_ 14.974
3.50934  0  0  2  0  cwnd_ 15.041
3.51934  0  0  2  0  cwnd_ 15.107
3.52934  0  0  2  0  cwnd_ 15.174
3.53934  0  0  2  0  cwnd_ 15.239
3.54934  0  0  2  0  cwnd_ 15.305
3.55934  0  0  2  0  cwnd_ 15.370
3.56934  0  0  2  0  cwnd_ 15.435
3.57934  0  0  2  0  cwnd_ 15.500
3.58934  0  0  2  0  cwnd_ 15.565
3.59934  0  0  2  0  cwnd_ 15.629
3.60934  0  0  2  0  cwnd_ 15.693
3.61934  0  0  2  0  cwnd_ 15.757
3.62934  0  0  2  0  cwnd_ 15.820
3.63934  0  0  2  0  cwnd_ 15.883
3.64934  0  0  2  0  cwnd_ 15.946
3.65934  0  0  2  0  cwnd_ 16.009
3.66934  0  0  2  0  cwnd_ 16.071
3.67934  0  0  2  0  cwnd_ 16.134
3.68934  0  0  2  0  cwnd_ 16.196
3.69934  0  0  2  0  cwnd_ 16.257
3.70934  0  0  2  0  cwnd_ 16.319
3.71934  0  0  2  0  cwnd_ 16.380
3.72934  0  0  2  0  cwnd_ 16.441
3.73934  0  0  2  0  cwnd_ 16.502
3.74934  0  0  2  0  cwnd_ 16.563
3.75934  0  0  2  0  cwnd_ 16.623
3.76934  0  0  2  0  cwnd_ 16.683
3.77934  0  0  2  0  cwnd_ 16.743
3.78934  0  0  2  0  cwnd_ 16.803
3.79934  0  0  2  0  cwnd_ 16.862
3.80934  0  0  2  0  cwnd_ 16.922
3.81934  0  0  2  0  cwnd_ 16.981
3.82934  0  0  2  0  cwnd_ 17.040
3.83934  0  0  2  0  cwnd_ 17.098
3.84934  0  0  2  0  cwnd_ 17.157
3.85934  0  0  2  0  cwnd_ 17.215
3.86934  0  0  2  0  cwnd_ 17.273
3.87934  0  0  2  0  cwnd_ 17.331
3.88934  0  0  2  0  cwnd_ 17.389
3.89934  0  0  2  0  cwnd_ 17.446
3.90934  0  0  2  0  cwnd_ 17.504
3.91934  0  0  2  0  cwnd_ 17.561
3.92934  0  0  2  0  cwnd_ 17.618
3.93934  0  0  2  0  cwnd_ 17.675
3.94934  0  0  2  0  cwnd_ 17.731
3.95934  0  0  2  0  cwnd_ 17.787
3.96934  0  0  2  0  cwnd_ 17.844
3.97934  0  0  2  0  cwnd_ 17.900
3.98934  0  0  2  0  cwnd_ 17.956
3.99934  0  0  2  0  cwnd_ 18.011
4.00934  0  0  2  0  cwnd_ 18.067
4.01934  0  0  2  0  cwnd_ 18.122
4.02934  0  0  2  0  cwnd_ 18.177
4.03934  0  0  2  0  cwnd_ 18.232
4.04934  0  0  2  0  cwnd_ 18.287
4.05934  0  0  2  0  cwnd_ 18.342
4.06934  0  0  2  0  cwnd_ 18.396
4.07934  0  0  2  0  cwnd_ 18.451
4.08934  0  0  2  0  cwnd_ 18.505
4.09934  0  0  2  0  cwnd_ 18.559
4.10934  0  0  2  0  cwnd_ 18.613
4.11934  0  0  2  0  cwnd_ 18.667
4.12934  0  0  2  0  cwnd_ 18.720
4.13934  0  0  2  0  cwnd_ 18.774
4.14934  0  0  2  0  cwnd_ 18.827
4.15934  0  0  2  0  cwnd_ 18.880
4.16934  0  0  2  0  cwnd_ 18.933
4.17934  0  0  2  0  cwnd_ 18.986
4.18934  0  0  2  0  cwnd_ 19.038
4.19934  0  0  2  0  cwnd_ 19.091
4.20934  0  0  2  0  cwnd_ 19.143
4.21934  0  0  2  0  cwnd_ 19.196
4.22934  0  0  2  0  cwnd_ 19.248
4.23934  0  0  2  0  cwnd_ 19.300
4.24934  0  0  2  0  cwnd_ 19.351
4.25934  0  0  2  0  cwnd_ 19.403
4.26934  0  0  2  0  cwnd_ 19.455
4.27934  0  0  2  0  cwnd_ 19.506
4.28934  0  0  2  0  cwnd_ 19.557
4.29934  0  0  2  0  cwnd_ 19.608
4.30934  0  0  2  0  cwnd_ 19.659
4.31934  0  0  2  0  cwnd_ 19.710
4.32934  0  0  2  0  cwnd_ 19.761
4.33934  0  0  2  0  cwnd_ 19.812
4.34934  0  0  2  0  cwnd_ 19.862
4.35934  0  0  2  0  cwnd_ 19.912
4.36934  0  0  2  0  cwnd_ 19.963
4.37934  0  0  2  0  cwnd_ 20.013
4.38934  0  0  2  0  cwnd_ 20.063
4.39934  0  0  2  0  cwnd_ 20.113
4.40934  0  0  2  0  cwnd_ 20.162
4.41934  0  0  2  0  cwnd_ 20.212
4.42934  0  0  2  0  cwnd_ 20.261
4.43934  0  0  2  0  cwnd_ 20.311
4.44934  0  0  2  0  cwnd_ 20.360
4.45934  0  0  2  0  cwnd_ 20.409
4.46934  0  0  2  0  cwnd_ 20.458
4.47934  0  0  2  0  cwnd_ 20.507
4.48934  0  0  2  0  cwnd_ 20.556
4.49934  0  0  2  0  cwnd_ 20.604
4.50934  0  0  2  0  cwnd_ 20.653
4.51934  0  0  2  0  cwnd_ 20.701
4.52934  0  0  2  0  cwnd_ 20.750
4.53934  0  0  2  0  cwnd_ 20.798
4.54934  0  0  2  0  cwnd_ 20.846
4.55934  0  0  2  0  cwnd_ 20.894
4.56934  0  0  2  0  cwnd_ 20.942
4.57934  0  0  2  0  cwnd_ 20.990
4.58934  0  0  2  0  cwnd_ 21.037
4.59934  0  0  2  0  cwnd_ 21.085
4.60934  0  0  2  0  cwnd_ 21.132
4.61934  0  0  2  0  cwnd_ 21.179
4.62934  0  0  2  0  cwnd_ 21.227
4.63934  0  0  2  0  cwnd_ 21.274
4.64934  0  0  2  0  cwnd_ 21.321
4.65934  0  0  2  0  cwnd_ 21.368
4.66934  0  0  2  0  cwnd_ 21.414
4.67934  0  0  2  0  cwnd_ 21.461
4.68934  0  0  2  0  cwnd_ 21.508
4.69934  0  0  2  0  cwnd_ 21.554
4.70934  0  0  2  0  cwnd_ 21.601
4.71934  0  0  2  0  cwnd_ 21.647
4.72934  0  0  2  0  cwnd_ 21.693
4.73934  0  0  2  0  cwnd_ 21.739
4.74934  0  0  2  0  cwnd_ 21.785
4.75934  0  0  2  0  cwnd_ 21.831
4.76934  0  0  2  0  cwnd_ 21.877
4.77934  0  0  2  0  cwnd_ 21.923
4.78934  0  0  2  0  cwnd_ 21.968
4.79934  0  0  2  0  cwnd_ 22.014
4.80934  0  0  2  0  cwnd_ 22.059
4.81934  0  0  2  0  cwnd_ 22.105
4.82934  0  0  2  0  cwnd_ 22.150
4.83934  0  0  2  0  cwnd_ 22.195
4.84934  0  0  2  0  cwnd_ 22.240
4.85934  0  0  2  0  cwnd_ 22.285
4.86934  0  0  2  0  cwnd_ 22.330
4.87934  0  0  2  0  cwnd_ 22.375
4.88934  0  0  2  0  cwnd_ 22.419
4.89934  0  0  2  0  cwnd_ 22.464
4.90934  0  0  2  0  cwnd_ 22.508
4.91934  0  0  2  0  cwnd_ 22.553
4.92934  0  0  2  0  cwnd_ 22.597
4.93934  0  0  2  0  cwnd_ 22.641
4.94934  0  0  2  0  cwnd_ 22.686
4.95934  0  0  2  0  cwnd_ 22.730
4.96934  0  0  2  0  cwnd_ 22.774
4.97934  0  0  2  0  cwnd_ 22.818
4.98934  0  0  2  0  cwnd_ 22.861
4.99934  0  0  2  0  cwnd_ 22.905
5.00934  0  0  2  0  cwnd_ 22.949
5.01934  0  0  2  0  cwnd_ 22.992
5.02934  0  0  2  0  cwnd_ 23.036
5.03934  0  0  2  0  cwnd_ 23.079
5.04934  0  0  2  0  cwnd_ 23.123
5.05934  0  0  2  0  cwnd_ 23.166
5.06934  0  0  2  0  cwnd_ 23.209
5.07934  0  0  2  0  cwnd_ 23.252
5.08934  0  0  2  0  cwnd_ 23.295
5.09934  0  0  2  0  cwnd_ 23.338
5.10934  0  0  2  0  cwnd_ 23.381
5.11934  0  0  2  0  cwnd_ 23.424
5.12934  0  0  2  0  cwnd_ 23.466
5.13934  0  0  2  0  cwnd_ 23.509
5.14934  0  0  2  0  cwnd_ 23.552
5.15934  0  0  2  0  cwnd_ 23.594
5.16934  0  0  2  0  cwnd_ 23.636
5.17934  0  0  2  0  cwnd_ 23.679
5.18934  0  0  2  0  cwnd_ 23.721
5.19934  0  0  2  0  cwnd_ 23.763
5.20934  0  0  2  0  cwnd_ 23.805
5.21934  0  0  2  0  cwnd_ 23.847
5.22934  0  0  2  0  cwnd_ 23.889
5.23934  0  0  2  0  cwnd_ 23.931
5.24934  0  0  2  0  cwnd_ 23.973
5.25934  0  0  2  0  cwnd_ 24.014
5.26934  0  0  2  0  cwnd_ 24.056
5.27934  0  0  2  0  cwnd_ 24.098
5.28934  0  0  2  0  cwnd_ 24.139
5.29934  0  0  2  0  cwnd_ 24.181
5.30934  0  0  2  0  cwnd_ 24.222
5.31934  0  0  2  0  cwnd_ 24.263
5.32934  0  0  2  0  cwnd_ 24.304
5.33934  0  0  2  0  cwnd_ 24.346
5.34934  0  0  2  0  cwnd_ 24.387
5.35934  0  0  2  0  cwnd_ 24.428
5.36934  0  0  2  0  cwnd_ 24.469
5.37934  0  0  2  0  cwnd_ 24.509
5.38934  0  0  2  0  cwnd_ 24.550
5.39934  0  0  2  0  cwnd_ 24.591
5.40934  0  0  2  0  cwnd_ 24.632
5.41934  0  0  2  0  cwnd_ 24.672
5.42934  0  0  2  0  cwnd_ 24.713
5.43934  0  0  2  0  cwnd_ 24.753
5.44934  0  0  2  0  cwnd_ 24.794
5.45934  0  0  2  0  cwnd_ 24.834
5.46934  0  0  2  0  cwnd_ 24.874
5.47934  0  0  2  0  cwnd_ 24.914
5.48934  0  0  2  0  cwnd_ 24.955
5.49934  0  0  2  0  cwnd_ 24.995
5.50934  0  0  2  0  cwnd_ 25.035
5.51934  0  0  2  0  cwnd_ 25.075
5.52934  0  0  2  0  cwnd_ 25.115
5.53934  0  0  2  0  cwnd_ 25.154
5.54934  0  0  2  0  cwnd_ 25.194
5.55934  0  0  2  0  cwnd_ 25.234
5.56934  0  0  2  0  cwnd_ 25.273
5.57934  0  0  2  0  cwnd_ 25.313
5.58934  0  0  2  0  cwnd_ 25.353
5.59934  0  0  2  0  cwnd_ 25.392
5.60934  0  0  2  0  cwnd_ 25.431
5.61934  0  0  2  0  cwnd_ 25.471
5.62934  0  0  2  0  cwnd_ 25.510
5.63934  0  0  2  0  cwnd_ 25.549
5.64934  0  0  2  0  cwnd_ 25.588
5.65934  0  0  2  0  cwnd_ 25.627
5.66934  0  0  2  0  cwnd_ 25.666
5.67934  0  0  2  0  cwnd_ 25.705
5.68934  0  0  2  0  cwnd_ 25.744
5.69934  0  0  2  0  cwnd_ 25.783
5.70934  0  0  2  0  cwnd_ 25.822
5.71934  0  0  2  0  cwnd_ 25.861
5.72934  0  0  2  0  cwnd_ 25.899
5.73934  0  0  2  0  cwnd_ 25.938
5.74934  0  0  2  0  cwnd_ 25.976
5.77934  0  0  2  0  cwnd_ 1.000 
6.01934  0  0  2  0  cwnd_ 2.000 
6.15058  0  0  2  0  cwnd_ 3.000 
6.16058  0  0  2  0  cwnd_ 4.000 
6.28181  0  0  2  0  cwnd_ 5.000 
6.29181  0  0  2  0  cwnd_ 6.000 
6.30181  0  0  2  0  cwnd_ 7.000 
6.31181  0  0  2  0  cwnd_ 8.000 
6.41304  0  0  2  0  cwnd_ 9.000 
6.42304  0  0  2  0  cwnd_ 10.000
6.43304  0  0  2  0  cwnd_ 11.000
6.44304  0  0  2  0  cwnd_ 12.000
6.45304  0  0  2  0  cwnd_ 12.083
6.46304  0  0  2  0  cwnd_ 12.166
6.47304  0  0  2  0  cwnd_ 12.248
6.48304  0  0  2  0  cwnd_ 12.330
6.54427  0  0  2  0  cwnd_ 12.411
6.55427  0  0  2  0  cwnd_ 12.492
6.56427  0  0  2  0  cwnd_ 12.572
6.57427  0  0  2  0  cwnd_ 12.651
6.58427  0  0  2  0  cwnd_ 12.730
6.59427  0  0  2  0  cwnd_ 12.809
6.60427  0  0  2  0  cwnd_ 12.887
6.61427  0  0  2  0  cwnd_ 12.964
6.62427  0  0  2  0  cwnd_ 13.042
6.63427  0  0  2  0  cwnd_ 13.118
6.64427  0  0  2  0  cwnd_ 13.195
6.65427  0  0  2  0  cwnd_ 13.270
6.67550  0  0  2  0  cwnd_ 13.346
6.68550  0  0  2  0  cwnd_ 13.421
6.69550  0  0  2  0  cwnd_ 13.495
6.70550  0  0  2  0  cwnd_ 13.569
6.71550  0  0  2  0  cwnd_ 13.643
6.72550  0  0  2  0  cwnd_ 13.716
6.73550  0  0  2  0  cwnd_ 13.789
6.74550  0  0  2  0  cwnd_ 13.862
6.75550  0  0  2  0  cwnd_ 13.934
6.76550  0  0  2  0  cwnd_ 14.006
6.77550  0  0  2  0  cwnd_ 14.077
6.78550  0  0  2  0  cwnd_ 14.148
6.79550  0  0  2  0  cwnd_ 14.219
6.80674  0  0  2  0  cwnd_ 14.289
6.81674  0  0  2  0  cwnd_ 14.359
6.82674  0  0  2  0  cwnd_ 14.429
6.83674  0  0  2  0  cwnd_ 14.498
6.84674  0  0  2  0  cwnd_ 14.567
6.85674  0  0  2  0  cwnd_ 14.636
6.86674  0  0  2  0  cwnd_ 14.704
6.87674  0  0  2  0  cwnd_ 14.772
6.88674  0  0  2  0  cwnd_ 14.840
6.89674  0  0  2  0  cwnd_ 14.907
6.90674  0  0  2  0  cwnd_ 14.974
6.91674  0  0  2  0  cwnd_ 15.041
6.92674  0  0  2  0  cwnd_ 15.107
6.93674  0  0  2  0  cwnd_ 15.174
6.94674  0  0  2  0  cwnd_ 15.239
6.95674  0  0  2  0  cwnd_ 15.305
6.96674  0  0  2  0  cwnd_ 15.370
6.97674  0  0  2  0  cwnd_ 15.435
6.98674  0  0  2  0  cwnd_ 15.500
6.99674  0  0  2  0  cwnd_ 15.565
7.00674  0  0  2  0  cwnd_ 15.629
7.01674  0  0  2  0  cwnd_ 15.693
7.02674  0  0  2  0  cwnd_ 15.757
7.03674  0  0  2  0  cwnd_ 15.820
7.04674  0  0  2  0  cwnd_ 15.883
7.05674  0  0  2  0  cwnd_ 15.946
7.06674  0  0  2  0  cwnd_ 16.009
7.07674  0  0  2  0  cwnd_ 16.071
7.08674  0  0  2  0  cwnd_ 16.134
7.09674  0  0  2  0  cwnd_ 16.196
7.10674  0  0  2  0  cwnd_ 16.257
7.11674  0  0  2  0  cwnd_ 16.319
7.12674  0  0  2  0  cwnd_ 16.380
7.13674  0  0  2  0  cwnd_ 16.441
7.14674  0  0  2  0  cwnd_ 16.502
7.15674  0  0  2  0  cwnd_ 16.563
7.16674  0  0  2  0  cwnd_ 16.623
7.17674  0  0  2  0  cwnd_ 16.683
7.18674  0  0  2  0  cwnd_ 16.743
7.19674  0  0  2  0  cwnd_ 16.803
7.20674  0  0  2  0  cwnd_ 16.862
7.21674  0  0  2  0  cwnd_ 16.922
7.22674  0  0  2  0  cwnd_ 16.981
7.23674  0  0  2  0  cwnd_ 17.040
7.24674  0  0  2  0  cwnd_ 17.098
7.25674  0  0  2  0  cwnd_ 17.157
7.26674  0  0  2  0  cwnd_ 17.215
7.27674  0  0  2  0  cwnd_ 17.273
7.28674  0  0  2  0  cwnd_ 17.331
7.29674  0  0  2  0  cwnd_ 17.389
7.30674  0  0  2  0  cwnd_ 17.446
7.31674  0  0  2  0  cwnd_ 17.504
7.32674  0  0  2  0  cwnd_ 17.561
7.33674  0  0  2  0  cwnd_ 17.618
7.34674  0  0  2  0  cwnd_ 17.675
7.35674  0  0  2  0  cwnd_ 17.731
7.36674  0  0  2  0  cwnd_ 17.787
7.37674  0  0  2  0  cwnd_ 17.844
7.38674  0  0  2  0  cwnd_ 17.900
7.39674  0  0  2  0  cwnd_ 17.956
7.40674  0  0  2  0  cwnd_ 18.011
7.41674  0  0  2  0  cwnd_ 18.067
7.42674  0  0  2  0  cwnd_ 18.122
7.43674  0  0  2  0  cwnd_ 18.177
7.44674  0  0  2  0  cwnd_ 18.232
7.45674  0  0  2  0  cwnd_ 18.287
7.46674  0  0  2  0  cwnd_ 18.342
7.47674  0  0  2  0  cwnd_ 18.396
7.48674  0  0  2  0  cwnd_ 18.451
7.49674  0  0  2  0  cwnd_ 18.505
7.50674  0  0  2  0  cwnd_ 18.559
7.51674  0  0  2  0  cwnd_ 18.613
7.52674  0  0  2  0  cwnd_ 18.667
7.53674  0  0  2  0  cwnd_ 18.720
7.54674  0  0  2  0  cwnd_ 18.774
7.55674  0  0  2  0  cwnd_ 18.827
7.56674  0  0  2  0  cwnd_ 18.880
7.57674  0  0  2  0  cwnd_ 18.933
7.58674  0  0  2  0  cwnd_ 18.986
7.59674  0  0  2  0  cwnd_ 19.038
7.60674  0  0  2  0  cwnd_ 19.091
7.61674  0  0  2  0  cwnd_ 19.143
7.62674  0  0  2  0  cwnd_ 19.196
7.63674  0  0  2  0  cwnd_ 19.248
7.64674  0  0  2  0  cwnd_ 19.300
7.65674  0  0  2  0  cwnd_ 19.351
7.66674  0  0  2  0  cwnd_ 19.403
7.67674  0  0  2  0  cwnd_ 19.455
7.68674  0  0  2  0  cwnd_ 19.506
7.69674  0  0  2  0  cwnd_ 19.557
7.70674  0  0  2  0  cwnd_ 19.608
7.71674  0  0  2  0  cwnd_ 19.659
7.72674  0  0  2  0  cwnd_ 19.710
7.73674  0  0  2  0  cwnd_ 19.761
7.74674  0  0  2  0  cwnd_ 19.812
7.75674  0  0  2  0  cwnd_ 19.862
7.76674  0  0  2  0  cwnd_ 19.912
7.77674  0  0  2  0  cwnd_ 19.963
7.78674  0  0  2  0  cwnd_ 20.013
7.79674  0  0  2  0  cwnd_ 20.063
7.80674  0  0  2  0  cwnd_ 20.113
7.81674  0  0  2  0  cwnd_ 20.162
7.82674  0  0  2  0  cwnd_ 20.212
7.83674  0  0  2  0  cwnd_ 20.261
7.84674  0  0  2  0  cwnd_ 20.311
7.85674  0  0  2  0  cwnd_ 20.360
7.86674  0  0  2  0  cwnd_ 20.409
7.87674  0  0  2  0  cwnd_ 20.458
7.88674  0  0  2  0  cwnd_ 20.507
7.89674  0  0  2  0  cwnd_ 20.556
7.90674  0  0  2  0  cwnd_ 20.604
7.91674  0  0  2  0  cwnd_ 20.653
7.92674  0  0  2  0  cwnd_ 20.701
7.93674  0  0  2  0  cwnd_ 20.750
7.94674  0  0  2  0  cwnd_ 20.798
7.95674  0  0  2  0  cwnd_ 20.846
7.96674  0  0  2  0  cwnd_ 20.894
7.97674  0  0  2  0  cwnd_ 20.942
7.98674  0  0  2  0  cwnd_ 20.990
7.99674  0  0  2  0  cwnd_ 21.037
8.00674  0  0  2  0  cwnd_ 21.085
8.01674  0  0  2  0  cwnd_ 21.132
8.02674  0  0  2  0  cwnd_ 21.179
8.03674  0  0  2  0  cwnd_ 21.227
8.04674  0  0  2  0  cwnd_ 21.274
8.05674  0  0  2  0  cwnd_ 21.321
8.06674  0  0  2  0  cwnd_ 21.368
8.07674  0  0  2  0  cwnd_ 21.414
8.08674  0  0  2  0  cwnd_ 21.461
8.09674  0  0  2  0  cwnd_ 21.508
8.10674  0  0  2  0  cwnd_ 21.554
8.11674  0  0  2  0  cwnd_ 21.601
8.12674  0  0  2  0  cwnd_ 21.647
8.13674  0  0  2  0  cwnd_ 21.693
8.14674  0  0  2  0  cwnd_ 21.739
8.15674  0  0  2  0  cwnd_ 21.785
8.16674  0  0  2  0  cwnd_ 21.831
8.17674  0  0  2  0  cwnd_ 21.877
8.18674  0  0  2  0  cwnd_ 21.923
8.19674  0  0  2  0  cwnd_ 21.968
8.20674  0  0  2  0  cwnd_ 22.014
8.21674  0  0  2  0  cwnd_ 22.059
8.22674  0  0  2  0  cwnd_ 22.105
8.23674  0  0  2  0  cwnd_ 22.150
8.24674  0  0  2  0  cwnd_ 22.195
8.25674  0  0  2  0  cwnd_ 22.240
8.26674  0  0  2  0  cwnd_ 22.285
8.27674  0  0  2  0  cwnd_ 22.330
8.28674  0  0  2  0  cwnd_ 22.375
8.29674  0  0  2  0  cwnd_ 22.419
8.30674  0  0  2  0  cwnd_ 22.464
8.31674  0  0  2  0  cwnd_ 22.508
8.32674  0  0  2  0  cwnd_ 22.553
8.33674  0  0  2  0  cwnd_ 22.597
8.34674  0  0  2  0  cwnd_ 22.641
8.35674  0  0  2  0  cwnd_ 22.686
8.36674  0  0  2  0  cwnd_ 22.730
8.37674  0  0  2  0  cwnd_ 22.774
8.38674  0  0  2  0  cwnd_ 22.818
8.39674  0  0  2  0  cwnd_ 22.861
8.40674  0  0  2  0  cwnd_ 22.905
8.41674  0  0  2  0  cwnd_ 22.949
8.42674  0  0  2  0  cwnd_ 22.992
8.43674  0  0  2  0  cwnd_ 23.036
8.44674  0  0  2  0  cwnd_ 23.079
8.45674  0  0  2  0  cwnd_ 23.123
8.46674  0  0  2  0  cwnd_ 23.166
8.47674  0  0  2  0  cwnd_ 23.209
8.48674  0  0  2  0  cwnd_ 23.252
8.49674  0  0  2  0  cwnd_ 23.295
8.50674  0  0  2  0  cwnd_ 23.338
8.51674  0  0  2  0  cwnd_ 23.381
8.52674  0  0  2  0  cwnd_ 23.424
8.53674  0  0  2  0  cwnd_ 23.466
8.54674  0  0  2  0  cwnd_ 23.509
8.55674  0  0  2  0  cwnd_ 23.552
8.56674  0  0  2  0  cwnd_ 23.594
8.57674  0  0  2  0  cwnd_ 23.636
8.58674  0  0  2  0  cwnd_ 23.679
8.59674  0  0  2  0  cwnd_ 23.721
8.60674  0  0  2  0  cwnd_ 23.763
8.61674  0  0  2  0  cwnd_ 23.805
8.62674  0  0  2  0  cwnd_ 23.847
8.63674  0  0  2  0  cwnd_ 23.889
8.64674  0  0  2  0  cwnd_ 23.931
8.65674  0  0  2  0  cwnd_ 23.973
8.66674  0  0  2  0  cwnd_ 24.014
8.67674  0  0  2  0  cwnd_ 24.056
8.68674  0  0  2  0  cwnd_ 24.098
8.69674  0  0  2  0  cwnd_ 24.139
8.70674  0  0  2  0  cwnd_ 24.181
8.71674  0  0  2  0  cwnd_ 24.222
8.72674  0  0  2  0  cwnd_ 24.263
8.73674  0  0  2  0  cwnd_ 24.304
8.74674  0  0  2  0  cwnd_ 24.346
8.75674  0  0  2  0  cwnd_ 24.387
8.76674  0  0  2  0  cwnd_ 24.428
8.77674  0  0  2  0  cwnd_ 24.469
8.78674  0  0  2  0  cwnd_ 24.509
8.79674  0  0  2  0  cwnd_ 24.550
8.80674  0  0  2  0  cwnd_ 24.591
8.81674  0  0  2  0  cwnd_ 24.632
8.82674  0  0  2  0  cwnd_ 24.672
8.83674  0  0  2  0  cwnd_ 24.713
8.84674  0  0  2  0  cwnd_ 24.753
8.85674  0  0  2  0  cwnd_ 24.794
8.86674  0  0  2  0  cwnd_ 24.834
8.87674  0  0  2  0  cwnd_ 24.874
8.88674  0  0  2  0  cwnd_ 24.914
8.89674  0  0  2  0  cwnd_ 24.955
8.90674  0  0  2  0  cwnd_ 24.995
8.91674  0  0  2  0  cwnd_ 25.035
8.92674  0  0  2  0  cwnd_ 25.075
8.93674  0  0  2  0  cwnd_ 25.115
8.94674  0  0  2  0  cwnd_ 25.154
8.95674  0  0  2  0  cwnd_ 25.194
8.96674  0  0  2  0  cwnd_ 25.234
8.97674  0  0  2  0  cwnd_ 25.273
8.98674  0  0  2  0  cwnd_ 25.313
8.99674  0  0  2  0  cwnd_ 25.353
9.00674  0  0  2  0  cwnd_ 25.392
9.01674  0  0  2  0  cwnd_ 25.431
9.02674  0  0  2  0  cwnd_ 25.471
9.03674  0  0  2  0  cwnd_ 25.510
9.04674  0  0  2  0  cwnd_ 25.549
9.05674  0  0  2  0  cwnd_ 25.588
9.06674  0  0  2  0  cwnd_ 25.627
9.07674  0  0  2  0  cwnd_ 25.666
9.08674  0  0  2  0  cwnd_ 25.705
9.09674  0  0  2  0  cwnd_ 25.744
9.10674  0  0  2  0  cwnd_ 25.783
9.11674  0  0  2  0  cwnd_ 25.822
9.12674  0  0  2  0  cwnd_ 25.861
9.13674  0  0  2  0  cwnd_ 25.899
9.14674  0  0  2  0  cwnd_ 25.938
9.15674  0  0  2  0  cwnd_ 25.976
9.18674  0  0  2  0  cwnd_ 1.000 
9.42674  0  0  2  0  cwnd_ 2.000 
9.55797  0  0  2  0  cwnd_ 3.000 
9.56797  0  0  2  0  cwnd_ 4.000 
9.68920  0  0  2  0  cwnd_ 5.000 
9.69920  0  0  2  0  cwnd_ 6.000 
9.70920  0  0  2  0  cwnd_ 7.000 
9.71920  0  0  2  0  cwnd_ 8.000 
9.82043  0  0  2  0  cwnd_ 9.000 
9.83043  0  0  2  0  cwnd_ 10.000
9.84043  0  0  2  0  cwnd_ 11.000
9.85043  0  0  2  0  cwnd_ 12.000
9.86043  0  0  2  0  cwnd_ 12.083
9.87043  0  0  2  0  cwnd_ 12.166
9.88043  0  0  2  0  cwnd_ 12.248
9.89043  0  0  2  0  cwnd_ 12.330
9.95166  0  0  2  0  cwnd_ 12.411
9.96166  0  0  2  0  cwnd_ 12.492
9.97166  0  0  2  0  cwnd_ 12.572
9.98166  0  0  2  0  cwnd_ 12.651
9.99166  0  0  2  0  cwnd_ 12.730
10.00166 0  0  2  0  cwnd_ 12.809
10.01166 0  0  2  0  cwnd_ 12.887
10.02166 0  0  2  0  cwnd_ 12.964
10.03166 0  0  2  0  cwnd_ 13.042
10.04166 0  0  2  0  cwnd_ 13.118
10.05166 0  0  2  0  cwnd_ 13.195
10.06166 0  0  2  0  cwnd_ 13.270
10.08290 0  0  2  0  cwnd_ 13.346
10.09290 0  0  2  0  cwnd_ 13.421
10.10290 0  0  2  0  cwnd_ 13.495
10.11290 0  0  2  0  cwnd_ 13.569
10.12290 0  0  2  0  cwnd_ 13.643
10.13290 0  0  2  0  cwnd_ 13.716
10.14290 0  0  2  0  cwnd_ 13.789
10.15290 0  0  2  0  cwnd_ 13.862
10.16290 0  0  2  0  cwnd_ 13.934
10.17290 0  0  2  0  cwnd_ 14.006
10.18290 0  0  2  0  cwnd_ 14.077
10.19290 0  0  2  0  cwnd_ 14.148
10.20290 0  0  2  0  cwnd_ 14.219
10.21413 0  0  2  0  cwnd_ 14.289
10.22413 0  0  2  0  cwnd_ 14.359
10.23413 0  0  2  0  cwnd_ 14.429
10.24413 0  0  2  0  cwnd_ 14.498
10.25413 0  0  2  0  cwnd_ 14.567
10.26413 0  0  2  0  cwnd_ 14.636
10.27413 0  0  2  0  cwnd_ 14.704
10.28413 0  0  2  0  cwnd_ 14.772
10.29413 0  0  2  0  cwnd_ 14.840
10.30413 0  0  2  0  cwnd_ 14.907
10.31413 0  0  2  0  cwnd_ 14.974
10.32413 0  0  2  0  cwnd_ 15.041
10.33413 0  0  2  0  cwnd_ 15.107
10.34413 0  0  2  0  cwnd_ 15.174
10.35413 0  0  2  0  cwnd_ 15.239
10.36413 0  0  2  0  cwnd_ 15.305
10.37413 0  0  2  0  cwnd_ 15.370
10.38413 0  0  2  0  cwnd_ 15.435
10.39413 0  0  2  0  cwnd_ 15.500
10.40413 0  0  2  0  cwnd_ 15.565
10.41413 0  0  2  0  cwnd_ 15.629
10.42413 0  0  2  0  cwnd_ 15.693
10.43413 0  0  2  0  cwnd_ 15.757
10.44413 0  0  2  0  cwnd_ 15.820
10.45413 0  0  2  0  cwnd_ 15.883
10.46413 0  0  2  0  cwnd_ 15.946
10.47413 0  0  2  0  cwnd_ 16.009
10.48413 0  0  2  0  cwnd_ 16.071
10.49413 0  0  2  0  cwnd_ 16.134
10.50413 0  0  2  0  cwnd_ 16.196
10.51413 0  0  2  0  cwnd_ 16.257
10.52413 0  0  2  0  cwnd_ 16.319
10.53413 0  0  2  0  cwnd_ 16.380
10.54413 0  0  2  0  cwnd_ 16.441
10.55413 0  0  2  0  cwnd_ 16.502
10.56413 0  0  2  0  cwnd_ 16.563
10.57413 0  0  2  0  cwnd_ 16.623
10.58413 0  0  2  0  cwnd_ 16.683
10.59413 0  0  2  0  cwnd_ 16.743
10.60413 0  0  2  0  cwnd_ 16.803
10.61413 0  0  2  0  cwnd_ 16.862
10.62413 0  0  2  0  cwnd_ 16.922
10.63413 0  0  2  0  cwnd_ 16.981
10.64413 0  0  2  0  cwnd_ 17.040
10.65413 0  0  2  0  cwnd_ 17.098
10.66413 0  0  2  0  cwnd_ 17.157
10.67413 0  0  2  0  cwnd_ 17.215
10.68413 0  0  2  0  cwnd_ 17.273
10.69413 0  0  2  0  cwnd_ 17.331
10.70413 0  0  2  0  cwnd_ 17.389
10.71413 0  0  2  0  cwnd_ 17.446
10.72413 0  0  2  0  cwnd_ 17.504
10.73413 0  0  2  0  cwnd_ 17.561
10.74413 0  0  2  0  cwnd_ 17.618
10.75413 0  0  2  0  cwnd_ 17.675
10.76413 0  0  2  0  cwnd_ 17.731
10.77413 0  0  2  0  cwnd_ 17.787
10.78413 0  0  2  0  cwnd_ 17.844
10.79413 0  0  2  0  cwnd_ 17.900
10.80413 0  0  2  0  cwnd_ 17.956
10.81413 0  0  2  0  cwnd_ 18.011
10.82413 0  0  2  0  cwnd_ 18.067
10.83413 0  0  2  0  cwnd_ 18.122
10.84413 0  0  2  0  cwnd_ 18.177
10.85413 0  0  2  0  cwnd_ 18.232
10.86413 0  0  2  0  cwnd_ 18.287
10.87413 0  0  2  0  cwnd_ 18.342
10.88413 0  0  2  0  cwnd_ 18.396
10.89413 0  0  2  0  cwnd_ 18.451
10.90413 0  0  2  0  cwnd_ 18.505
10.91413 0  0  2  0  cwnd_ 18.559
10.92413 0  0  2  0  cwnd_ 18.613
10.93413 0  0  2  0  cwnd_ 18.667
10.94413 0  0  2  0  cwnd_ 18.720
10.95413 0  0  2  0  cwnd_ 18.774
10.96413 0  0  2  0  cwnd_ 18.827
10.97413 0  0  2  0  cwnd_ 18.880
10.98413 0  0  2  0  cwnd_ 18.933
10.99413 0  0  2  0  cwnd_ 18.986
11.00413 0  0  2  0  cwnd_ 19.038
11.01413 0  0  2  0  cwnd_ 19.091
11.02413 0  0  2  0  cwnd_ 19.143
11.03413 0  0  2  0  cwnd_ 19.196
11.04413 0  0  2  0  cwnd_ 19.248
11.05413 0  0  2  0  cwnd_ 19.300
11.06413 0  0  2  0  cwnd_ 19.351
11.07413 0  0  2  0  cwnd_ 19.403
11.08413 0  0  2  0  cwnd_ 19.455
11.09413 0  0  2  0  cwnd_ 19.506
11.10413 0  0  2  0  cwnd_ 19.557
11.11413 0  0  2  0  cwnd_ 19.608
11.12413 0  0  2  0  cwnd_ 19.659
11.13413 0  0  2  0  cwnd_ 19.710
11.14413 0  0  2  0  cwnd_ 19.761
11.15413 0  0  2  0  cwnd_ 19.812
11.16413 0  0  2  0  cwnd_ 19.862
11.17413 0  0  2  0  cwnd_ 19.912
11.18413 0  0  2  0  cwnd_ 19.963
11.19413 0  0  2  0  cwnd_ 20.013
11.20413 0  0  2  0  cwnd_ 20.063
11.21413 0  0  2  0  cwnd_ 20.113
11.22413 0  0  2  0  cwnd_ 20.162
11.23413 0  0  2  0  cwnd_ 20.212
11.24413 0  0  2  0  cwnd_ 20.261
11.25413 0  0  2  0  cwnd_ 20.311
11.26413 0  0  2  0  cwnd_ 20.360
11.27413 0  0  2  0  cwnd_ 20.409
11.28413 0  0  2  0  cwnd_ 20.458
11.29413 0  0  2  0  cwnd_ 20.507
11.30413 0  0  2  0  cwnd_ 20.556
11.31413 0  0  2  0  cwnd_ 20.604
11.32413 0  0  2  0  cwnd_ 20.653
11.33413 0  0  2  0  cwnd_ 20.701
11.34413 0  0  2  0  cwnd_ 20.750
11.35413 0  0  2  0  cwnd_ 20.798
11.36413 0  0  2  0  cwnd_ 20.846
11.37413 0  0  2  0  cwnd_ 20.894
11.38413 0  0  2  0  cwnd_ 20.942
11.39413 0  0  2  0  cwnd_ 20.990
11.40413 0  0  2  0  cwnd_ 21.037
11.41413 0  0  2  0  cwnd_ 21.085
11.42413 0  0  2  0  cwnd_ 21.132
11.43413 0  0  2  0  cwnd_ 21.179
11.44413 0  0  2  0  cwnd_ 21.227
11.45413 0  0  2  0  cwnd_ 21.274
11.46413 0  0  2  0  cwnd_ 21.321
11.47413 0  0  2  0  cwnd_ 21.368
11.48413 0  0  2  0  cwnd_ 21.414
11.49413 0  0  2  0  cwnd_ 21.461
11.50413 0  0  2  0  cwnd_ 21.508
11.51413 0  0  2  0  cwnd_ 21.554
11.52413 0  0  2  0  cwnd_ 21.601
11.53413 0  0  2  0  cwnd_ 21.647
11.54413 0  0  2  0  cwnd_ 21.693
11.55413 0  0  2  0  cwnd_ 21.739
11.56413 0  0  2  0  cwnd_ 21.785
11.57413 0  0  2  0  cwnd_ 21.831
11.58413 0  0  2  0  cwnd_ 21.877
11.59413 0  0  2  0  cwnd_ 21.923
11.60413 0  0  2  0  cwnd_ 21.968
11.61413 0  0  2  0  cwnd_ 22.014
11.62413 0  0  2  0  cwnd_ 22.059
11.63413 0  0  2  0  cwnd_ 22.105
11.64413 0  0  2  0  cwnd_ 22.150
11.65413 0  0  2  0  cwnd_ 22.195
11.66413 0  0  2  0  cwnd_ 22.240
11.67413 0  0  2  0  cwnd_ 22.285
11.68413 0  0  2  0  cwnd_ 22.330
11.69413 0  0  2  0  cwnd_ 22.375
11.70413 0  0  2  0  cwnd_ 22.419
11.71413 0  0  2  0  cwnd_ 22.464
11.72413 0  0  2  0  cwnd_ 22.508
11.73413 0  0  2  0  cwnd_ 22.553
11.74413 0  0  2  0  cwnd_ 22.597
11.75413 0  0  2  0  cwnd_ 22.641
11.76413 0  0  2  0  cwnd_ 22.686
11.77413 0  0  2  0  cwnd_ 22.730
11.78413 0  0  2  0  cwnd_ 22.774
11.79413 0  0  2  0  cwnd_ 22.818
11.80413 0  0  2  0  cwnd_ 22.861
11.81413 0  0  2  0  cwnd_ 22.905
11.82413 0  0  2  0  cwnd_ 22.949
11.83413 0  0  2  0  cwnd_ 22.992
11.84413 0  0  2  0  cwnd_ 23.036
11.85413 0  0  2  0  cwnd_ 23.079
11.86413 0  0  2  0  cwnd_ 23.123
11.87413 0  0  2  0  cwnd_ 23.166
11.88413 0  0  2  0  cwnd_ 23.209
11.89413 0  0  2  0  cwnd_ 23.252
11.90413 0  0  2  0  cwnd_ 23.295
11.91413 0  0  2  0  cwnd_ 23.338
11.92413 0  0  2  0  cwnd_ 23.381
11.93413 0  0  2  0  cwnd_ 23.424
11.94413 0  0  2  0  cwnd_ 23.466
11.95413 0  0  2  0  cwnd_ 23.509
11.96413 0  0  2  0  cwnd_ 23.552
11.97413 0  0  2  0  cwnd_ 23.594
11.98413 0  0  2  0  cwnd_ 23.636
11.99413 0  0  2  0  cwnd_ 23.679
12.00413 0  0  2  0  cwnd_ 23.721
12.01413 0  0  2  0  cwnd_ 23.763
12.02413 0  0  2  0  cwnd_ 23.805
12.03413 0  0  2  0  cwnd_ 23.847
12.04413 0  0  2  0  cwnd_ 23.889
12.05413 0  0  2  0  cwnd_ 23.931
12.06413 0  0  2  0  cwnd_ 23.973
12.07413 0  0  2  0  cwnd_ 24.014
12.08413 0  0  2  0  cwnd_ 24.056
12.09413 0  0  2  0  cwnd_ 24.098
12.10413 0  0  2  0  cwnd_ 24.139
12.11413 0  0  2  0  cwnd_ 24.181
12.12413 0  0  2  0  cwnd_ 24.222
12.13413 0  0  2  0  cwnd_ 24.263
12.14413 0  0  2  0  cwnd_ 24.304
12.15413 0  0  2  0  cwnd_ 24.346
12.16413 0  0  2  0  cwnd_ 24.387
12.17413 0  0  2  0  cwnd_ 24.428
12.18413 0  0  2  0  cwnd_ 24.469
12.19413 0  0  2  0  cwnd_ 24.509
12.20413 0  0  2  0  cwnd_ 24.550
12.21413 0  0  2  0  cwnd_ 24.591
12.22413 0  0  2  0  cwnd_ 24.632
12.23413 0  0  2  0  cwnd_ 24.672
12.24413 0  0  2  0  cwnd_ 24.713
12.25413 0  0  2  0  cwnd_ 24.753
12.26413 0  0  2  0  cwnd_ 24.794
12.27413 0  0  2  0  cwnd_ 24.834
12.28413 0  0  2  0  cwnd_ 24.874
12.29413 0  0  2  0  cwnd_ 24.914
12.30413 0  0  2  0  cwnd_ 24.955
12.31413 0  0  2  0  cwnd_ 24.995
12.32413 0  0  2  0  cwnd_ 25.035
12.33413 0  0  2  0  cwnd_ 25.075
12.34413 0  0  2  0  cwnd_ 25.115
12.35413 0  0  2  0  cwnd_ 25.154
12.36413 0  0  2  0  cwnd_ 25.194
12.37413 0  0  2  0  cwnd_ 25.234
12.38413 0  0  2  0  cwnd_ 25.273
12.39413 0  0  2  0  cwnd_ 25.313
12.40413 0  0  2  0  cwnd_ 25.353
12.41413 0  0  2  0  cwnd_ 25.392
12.42413 0  0  2  0  cwnd_ 25.431
12.43413 0  0  2  0  cwnd_ 25.471
12.44413 0  0  2  0  cwnd_ 25.510
12.45413 0  0  2  0  cwnd_ 25.549
12.46413 0  0  2  0  cwnd_ 25.588
12.47413 0  0  2  0  cwnd_ 25.627
12.48413 0  0  2  0  cwnd_ 25.666
12.49413 0  0  2  0  cwnd_ 25.705
12.50413 0  0  2  0  cwnd_ 25.744
12.51413 0  0  2  0  cwnd_ 25.783
12.52413 0  0  2  0  cwnd_ 25.822
12.53413 0  0  2  0  cwnd_ 25.861
12.54413 0  0  2  0  cwnd_ 25.899
12.55413 0  0  2  0  cwnd_ 25.938
12.56413 0  0  2  0  cwnd_ 25.976
12.59413 0  0  2  0  cwnd_ 1.000 
12.83413 0  0  2  0  cwnd_ 2.000 
12.96536 0  0  2  0  cwnd_ 3.000 
12.97536 0  0  2  0  cwnd_ 4.000 
13.09659 0  0  2  0  cwnd_ 5.000 
13.10659 0  0  2  0  cwnd_ 6.000 
13.11659 0  0  2  0  cwnd_ 7.000 
13.12659 0  0  2  0  cwnd_ 8.000 
13.22782 0  0  2  0  cwnd_ 9.000 
13.23782 0  0  2  0  cwnd_ 10.000
13.24782 0  0  2  0  cwnd_ 11.000
13.25782 0  0  2  0  cwnd_ 12.000
13.26782 0  0  2  0  cwnd_ 12.083
13.27782 0  0  2  0  cwnd_ 12.166
13.28782 0  0  2  0  cwnd_ 12.248
13.29782 0  0  2  0  cwnd_ 12.330
13.35906 0  0  2  0  cwnd_ 12.411
13.36906 0  0  2  0  cwnd_ 12.492
13.37906 0  0  2  0  cwnd_ 12.572
13.38906 0  0  2  0  cwnd_ 12.651
13.39906 0  0  2  0  cwnd_ 12.730
13.40906 0  0  2  0  cwnd_ 12.809
13.41906 0  0  2  0  cwnd_ 12.887
13.42906 0  0  2  0  cwnd_ 12.964
13.43906 0  0  2  0  cwnd_ 13.042
13.44906 0  0  2  0  cwnd_ 13.118
13.45906 0  0  2  0  cwnd_ 13.195
13.46906 0  0  2  0  cwnd_ 13.270
13.49029 0  0  2  0  cwnd_ 13.346
13.50029 0  0  2  0  cwnd_ 13.421
13.51029 0  0  2  0  cwnd_ 13.495
13.52029 0  0  2  0  cwnd_ 13.569
13.53029 0  0  2  0  cwnd_ 13.643
13.54029 0  0  2  0  cwnd_ 13.716
13.55029 0  0  2  0  cwnd_ 13.789
13.56029 0  0  2  0  cwnd_ 13.862
13.57029 0  0  2  0  cwnd_ 13.934
13.58029 0  0  2  0  cwnd_ 14.006
13.59029 0  0  2  0  cwnd_ 14.077
13.60029 0  0  2  0  cwnd_ 14.148
13.61029 0  0  2  0  cwnd_ 14.219
13.62152 0  0  2  0  cwnd_ 14.289
13.63152 0  0  2  0  cwnd_ 14.359
13.64152 0  0  2  0  cwnd_ 14.429
13.65152 0  0  2  0  cwnd_ 14.498
13.66152 0  0  2  0  cwnd_ 14.567
13.67152 0  0  2  0  cwnd_ 14.636
13.68152 0  0  2  0  cwnd_ 14.704
13.69152 0  0  2  0  cwnd_ 14.772
13.70152 0  0  2  0  cwnd_ 14.840
13.71152 0  0  2  0  cwnd_ 14.907
13.72152 0  0  2  0  cwnd_ 14.974
13.73152 0  0  2  0  cwnd_ 15.041
13.74152 0  0  2  0  cwnd_ 15.107
13.75152 0  0  2  0  cwnd_ 15.174
13.76152 0  0  2  0  cwnd_ 15.239
13.77152 0  0  2  0  cwnd_ 15.305
13.78152 0  0  2  0  cwnd_ 15.370
13.79152 0  0  2  0  cwnd_ 15.435
13.80152 0  0  2  0  cwnd_ 15.500
13.81152 0  0  2  0  cwnd_ 15.565
13.82152 0  0  2  0  cwnd_ 15.629
13.83152 0  0  2  0  cwnd_ 15.693
13.84152 0  0  2  0  cwnd_ 15.757
13.85152 0  0  2  0  cwnd_ 15.820
13.86152 0  0  2  0  cwnd_ 15.883
13.87152 0  0  2  0  cwnd_ 15.946
13.88152 0  0  2  0  cwnd_ 16.009
13.89152 0  0  2  0  cwnd_ 16.071
13.90152 0  0  2  0  cwnd_ 16.134
13.91152 0  0  2  0  cwnd_ 16.196
13.92152 0  0  2  0  cwnd_ 16.257
13.93152 0  0  2  0  cwnd_ 16.319
13.94152 0  0  2  0  cwnd_ 16.380
13.95152 0  0  2  0  cwnd_ 16.441
13.96152 0  0  2  0  cwnd_ 16.502
13.97152 0  0  2  0  cwnd_ 16.563
13.98152 0  0  2  0  cwnd_ 16.623
13.99152 0  0  2  0  cwnd_ 16.683
14.00152 0  0  2  0  cwnd_ 16.743
14.01152 0  0  2  0  cwnd_ 16.803
14.02152 0  0  2  0  cwnd_ 16.862
14.03152 0  0  2  0  cwnd_ 16.922
14.04152 0  0  2  0  cwnd_ 16.981
14.05152 0  0  2  0  cwnd_ 17.040
14.06152 0  0  2  0  cwnd_ 17.098
14.07152 0  0  2  0  cwnd_ 17.157
14.08152 0  0  2  0  cwnd_ 17.215
14.09152 0  0  2  0  cwnd_ 17.273
14.10152 0  0  2  0  cwnd_ 17.331
14.11152 0  0  2  0  cwnd_ 17.389
14.12152 0  0  2  0  cwnd_ 17.446
14.13152 0  0  2  0  cwnd_ 17.504
14.14152 0  0  2  0  cwnd_ 17.561
14.15152 0  0  2  0  cwnd_ 17.618
14.16152 0  0  2  0  cwnd_ 17.675
14.17152 0  0  2  0  cwnd_ 17.731
14.18152 0  0  2  0  cwnd_ 17.787
14.19152 0  0  2  0  cwnd_ 17.844
14.20152 0  0  2  0  cwnd_ 17.900
14.21152 0  0  2  0  cwnd_ 17.956
14.22152 0  0  2  0  cwnd_ 18.011
14.23152 0  0  2  0  cwnd_ 18.067
14.24152 0  0  2  0  cwnd_ 18.122
14.25152 0  0  2  0  cwnd_ 18.177
14.26152 0  0  2  0  cwnd_ 18.232
14.27152 0  0  2  0  cwnd_ 18.287
14.28152 0  0  2  0  cwnd_ 18.342
14.29152 0  0  2  0  cwnd_ 18.396
14.30152 0  0  2  0  cwnd_ 18.451
14.31152 0  0  2  0  cwnd_ 18.505
14.32152 0  0  2  0  cwnd_ 18.559
14.33152 0  0  2  0  cwnd_ 18.613
14.34152 0  0  2  0  cwnd_ 18.667
14.35152 0  0  2  0  cwnd_ 18.720
14.36152 0  0  2  0  cwnd_ 18.774
14.37152 0  0  2  0  cwnd_ 18.827
14.38152 0  0  2  0  cwnd_ 18.880
14.39152 0  0  2  0  cwnd_ 18.933
14.40152 0  0  2  0  cwnd_ 18.986
14.41152 0  0  2  0  cwnd_ 19.038
14.42152 0  0  2  0  cwnd_ 19.091
14.43152 0  0  2  0  cwnd_ 19.143
14.44152 0  0  2  0  cwnd_ 19.196
14.45152 0  0  2  0  cwnd_ 19.248
14.46152 0  0  2  0  cwnd_ 19.300
14.47152 0  0  2  0  cwnd_ 19.351
14.48152 0  0  2  0  cwnd_ 19.403
14.49152 0  0  2  0  cwnd_ 19.455
14.50152 0  0  2  0  cwnd_ 19.506
14.51152 0  0  2  0  cwnd_ 19.557
14.52152 0  0  2  0  cwnd_ 19.608
14.53152 0  0  2  0  cwnd_ 19.659
14.54152 0  0  2  0  cwnd_ 19.710
14.55152 0  0  2  0  cwnd_ 19.761
14.56152 0  0  2  0  cwnd_ 19.812
14.57152 0  0  2  0  cwnd_ 19.862
14.58152 0  0  2  0  cwnd_ 19.912
14.59152 0  0  2  0  cwnd_ 19.963
14.60152 0  0  2  0  cwnd_ 20.013
14.61152 0  0  2  0  cwnd_ 20.063
14.62152 0  0  2  0  cwnd_ 20.113
14.63152 0  0  2  0  cwnd_ 20.162
14.64152 0  0  2  0  cwnd_ 20.212
14.65152 0  0  2  0  cwnd_ 20.261
14.66152 0  0  2  0  cwnd_ 20.311
14.67152 0  0  2  0  cwnd_ 20.360
14.68152 0  0  2  0  cwnd_ 20.409
14.69152 0  0  2  0  cwnd_ 20.458
14.70152 0  0  2  0  cwnd_ 20.507
14.71152 0  0  2  0  cwnd_ 20.556
14.72152 0  0  2  0  cwnd_ 20.604
14.73152 0  0  2  0  cwnd_ 20.653
14.74152 0  0  2  0  cwnd_ 20.701
14.75152 0  0  2  0  cwnd_ 20.750
14.76152 0  0  2  0  cwnd_ 20.798
14.77152 0  0  2  0  cwnd_ 20.846
14.78152 0  0  2  0  cwnd_ 20.894
14.79152 0  0  2  0  cwnd_ 20.942
14.80152 0  0  2  0  cwnd_ 20.990
14.81152 0  0  2  0  cwnd_ 21.037
14.82152 0  0  2  0  cwnd_ 21.085
14.83152 0  0  2  0  cwnd_ 21.132
14.84152 0  0  2  0  cwnd_ 21.179
14.85152 0  0  2  0  cwnd_ 21.227
14.86152 0  0  2  0  cwnd_ 21.274
14.87152 0  0  2  0  cwnd_ 21.321
14.88152 0  0  2  0  cwnd_ 21.368
14.89152 0  0  2  0  cwnd_ 21.414
14.90152 0  0  2  0  cwnd_ 21.461
14.91152 0  0  2  0  cwnd_ 21.508
14.92152 0  0  2  0  cwnd_ 21.554
14.93152 0  0  2  0  cwnd_ 21.601
14.94152 0  0  2  0  cwnd_ 21.647
14.95152 0  0  2  0  cwnd_ 21.693
14.96152 0  0  2  0  cwnd_ 21.739
14.97152 0  0  2  0  cwnd_ 21.785
14.98152 0  0  2  0  cwnd_ 21.831
14.99152 0  0  2  0  cwnd_ 21.877
15.00152 0  0  2  0  cwnd_ 21.923
15.01152 0  0  2  0  cwnd_ 21.968
15.02152 0  0  2  0  cwnd_ 22.014
15.03152 0  0  2  0  cwnd_ 22.059
15.04152 0  0  2  0  cwnd_ 22.105
15.05152 0  0  2  0  cwnd_ 22.150
15.06152 0  0  2  0  cwnd_ 22.195
15.07152 0  0  2  0  cwnd_ 22.240
15.08152 0  0  2  0  cwnd_ 22.285
15.09152 0  0  2  0  cwnd_ 22.330
15.10152 0  0  2  0  cwnd_ 22.375
15.11152 0  0  2  0  cwnd_ 22.419
15.12152 0  0  2  0  cwnd_ 22.464
15.13152 0  0  2  0  cwnd_ 22.508
15.14152 0  0  2  0  cwnd_ 22.553
15.15152 0  0  2  0  cwnd_ 22.597
15.16152 0  0  2  0  cwnd_ 22.641
15.17152 0  0  2  0  cwnd_ 22.686
15.18152 0  0  2  0  cwnd_ 22.730
15.19152 0  0  2  0  cwnd_ 22.774
15.20152 0  0  2  0  cwnd_ 22.818
15.21152 0  0  2  0  cwnd_ 22.861
15.22152 0  0  2  0  cwnd_ 22.905
15.23152 0  0  2  0  cwnd_ 22.949
15.24152 0  0  2  0  cwnd_ 22.992
15.25152 0  0  2  0  cwnd_ 23.036
15.26152 0  0  2  0  cwnd_ 23.079
15.27152 0  0  2  0  cwnd_ 23.123
15.28152 0  0  2  0  cwnd_ 23.166
15.29152 0  0  2  0  cwnd_ 23.209
15.30152 0  0  2  0  cwnd_ 23.252
15.31152 0  0  2  0  cwnd_ 23.295
15.32152 0  0  2  0  cwnd_ 23.338
15.33152 0  0  2  0  cwnd_ 23.381
15.34152 0  0  2  0  cwnd_ 23.424
15.35152 0  0  2  0  cwnd_ 23.466
15.36152 0  0  2  0  cwnd_ 23.509
15.37152 0  0  2  0  cwnd_ 23.552
15.38152 0  0  2  0  cwnd_ 23.594
15.39152 0  0  2  0  cwnd_ 23.636
15.40152 0  0  2  0  cwnd_ 23.679
15.41152 0  0  2  0  cwnd_ 23.721
15.42152 0  0  2  0  cwnd_ 23.763
15.43152 0  0  2  0  cwnd_ 23.805
15.44152 0  0  2  0  cwnd_ 23.847
15.45152 0  0  2  0  cwnd_ 23.889
15.46152 0  0  2  0  cwnd_ 23.931
15.47152 0  0  2  0  cwnd_ 23.973
15.48152 0  0  2  0  cwnd_ 24.014
15.49152 0  0  2  0  cwnd_ 24.056
15.50152 0  0  2  0  cwnd_ 24.098
15.51152 0  0  2  0  cwnd_ 24.139
15.52152 0  0  2  0  cwnd_ 24.181
15.53152 0  0  2  0  cwnd_ 24.222
15.54152 0  0  2  0  cwnd_ 24.263
15.55152 0  0  2  0  cwnd_ 24.304
15.56152 0  0  2  0  cwnd_ 24.346
15.57152 0  0  2  0  cwnd_ 24.387
15.58152 0  0  2  0  cwnd_ 24.428
15.59152 0  0  2  0  cwnd_ 24.469
15.60152 0  0  2  0  cwnd_ 24.509
15.61152 0  0  2  0  cwnd_ 24.550
15.62152 0  0  2  0  cwnd_ 24.591
15.63152 0  0  2  0  cwnd_ 24.632
15.64152 0  0  2  0  cwnd_ 24.672
15.65152 0  0  2  0  cwnd_ 24.713
15.66152 0  0  2  0  cwnd_ 24.753
15.67152 0  0  2  0  cwnd_ 24.794
15.68152 0  0  2  0  cwnd_ 24.834
15.69152 0  0  2  0  cwnd_ 24.874
15.70152 0  0  2  0  cwnd_ 24.914
15.71152 0  0  2  0  cwnd_ 24.955
15.72152 0  0  2  0  cwnd_ 24.995
15.73152 0  0  2  0  cwnd_ 25.035
15.74152 0  0  2  0  cwnd_ 25.075
15.75152 0  0  2  0  cwnd_ 25.115
15.76152 0  0  2  0  cwnd_ 25.154
15.77152 0  0  2  0  cwnd_ 25.194
15.78152 0  0  2  0  cwnd_ 25.234
15.79152 0  0  2  0  cwnd_ 25.273
15.80152 0  0  2  0  cwnd_ 25.313
15.81152 0  0  2  0  cwnd_ 25.353
15.82152 0  0  2  0  cwnd_ 25.392
15.83152 0  0  2  0  cwnd_ 25.431
15.84152 0  0  2  0  cwnd_ 25.471
15.85152 0  0  2  0  cwnd_ 25.510
15.86152 0  0  2  0  cwnd_ 25.549
15.87152 0  0  2  0  cwnd_ 25.588
15.88152 0  0  2  0  cwnd_ 25.627
15.89152 0  0  2  0  cwnd_ 25.666
15.90152 0  0  2  0  cwnd_ 25.705
15.91152 0  0  2  0  cwnd_ 25.744
15.92152 0  0  2  0  cwnd_ 25.783
15.93152 0  0  2  0  cwnd_ 25.822
15.94152 0  0  2  0  cwnd_ 25.861
15.95152 0  0  2  0  cwnd_ 25.899
15.96152 0  0  2  0  cwnd_ 25.938
15.97152 0  0  2  0  cwnd_ 25.976
16.00152 0  0  2  0  cwnd_ 1.000 
16.24152 0  0  2  0  cwnd_ 2.000 
16.37275 0  0  2  0  cwnd_ 3.000 
16.38275 0  0  2  0  cwnd_ 4.000 
16.50398 0  0  2  0  cwnd_ 5.000 
16.51398 0  0  2  0  cwnd_ 6.000 
16.52398 0  0  2  0  cwnd_ 7.000 
16.53398 0  0  2  0  cwnd_ 8.000 
16.63522 0  0  2  0  cwnd_ 9.000 
16.64522 0  0  2  0  cwnd_ 10.000
16.65522 0  0  2  0  cwnd_ 11.000
16.66522 0  0  2  0  cwnd_ 12.000
16.67522 0  0  2  0  cwnd_ 12.083
16.68522 0  0  2  0  cwnd_ 12.166
16.69522 0  0  2  0  cwnd_ 12.248
16.70522 0  0  2  0  cwnd_ 12.330
16.76645 0  0  2  0  cwnd_ 12.411
16.77645 0  0  2  0  cwnd_ 12.492
16.78645 0  0  2  0  cwnd_ 12.572
16.79645 0  0  2  0  cwnd_ 12.651
16.80645 0  0  2  0  cwnd_ 12.730
16.81645 0  0  2  0  cwnd_ 12.809
16.82645 0  0  2  0  cwnd_ 12.887
16.83645 0  0  2  0  cwnd_ 12.964
16.84645 0  0  2  0  cwnd_ 13.042
16.85645 0  0  2  0  cwnd_ 13.118
16.86645 0  0  2  0  cwnd_ 13.195
16.87645 0  0  2  0  cwnd_ 13.270
16.89768 0  0  2  0  cwnd_ 13.346
16.90768 0  0  2  0  cwnd_ 13.421
16.91768 0  0  2  0  cwnd_ 13.495
16.92768 0  0  2  0  cwnd_ 13.569
16.93768 0  0  2  0  cwnd_ 13.643
16.94768 0  0  2  0  cwnd_ 13.716
16.95768 0  0  2  0  cwnd_ 13.789
16.96768 0  0  2  0  cwnd_ 13.862
16.97768 0  0  2  0  cwnd_ 13.934
16.98768 0  0  2  0  cwnd_ 14.006
16.99768 0  0  2  0  cwnd_ 14.077
17.00768 0  0  2  0  cwnd_ 14.148
17.01768 0  0  2  0  cwnd_ 14.219
17.02891 0  0  2  0  cwnd_ 14.289
17.03891 0  0  2  0  cwnd_ 14.359
17.04891 0  0  2  0  cwnd_ 14.429
17.05891 0  0  2  0  cwnd_ 14.498
17.06891 0  0  2  0  cwnd_ 14.567
17.07891 0  0  2  0  cwnd_ 14.636
17.08891 0  0  2  0  cwnd_ 14.704
17.09891 0  0  2  0  cwnd_ 14.772
17.10891 0  0  2  0  cwnd_ 14.840
17.11891 0  0  2  0  cwnd_ 14.907
17.12891 0  0  2  0  cwnd_ 14.974
17.13891 0  0  2  0  cwnd_ 15.041
17.14891 0  0  2  0  cwnd_ 15.107
17.15891 0  0  2  0  cwnd_ 15.174
17.16891 0  0  2  0  cwnd_ 15.239
17.17891 0  0  2  0  cwnd_ 15.305
17.18891 0  0  2  0  cwnd_ 15.370
17.19891 0  0  2  0  cwnd_ 15.435
17.20891 0  0  2  0  cwnd_ 15.500
17.21891 0  0  2  0  cwnd_ 15.565
17.22891 0  0  2  0  cwnd_ 15.629
17.23891 0  0  2  0  cwnd_ 15.693
17.24891 0  0  2  0  cwnd_ 15.757
17.25891 0  0  2  0  cwnd_ 15.820
17.26891 0  0  2  0  cwnd_ 15.883
17.27891 0  0  2  0  cwnd_ 15.946
17.28891 0  0  2  0  cwnd_ 16.009
17.29891 0  0  2  0  cwnd_ 16.071
17.30891 0  0  2  0  cwnd_ 16.134
17.31891 0  0  2  0  cwnd_ 16.196
17.32891 0  0  2  0  cwnd_ 16.257
17.33891 0  0  2  0  cwnd_ 16.319
17.34891 0  0  2  0  cwnd_ 16.380
17.35891 0  0  2  0  cwnd_ 16.441
17.36891 0  0  2  0  cwnd_ 16.502
17.37891 0  0  2  0  cwnd_ 16.563
17.38891 0  0  2  0  cwnd_ 16.623
17.39891 0  0  2  0  cwnd_ 16.683
17.40891 0  0  2  0  cwnd_ 16.743
17.41891 0  0  2  0  cwnd_ 16.803
17.42891 0  0  2  0  cwnd_ 16.862
17.43891 0  0  2  0  cwnd_ 16.922
17.44891 0  0  2  0  cwnd_ 16.981
17.45891 0  0  2  0  cwnd_ 17.040
17.46891 0  0  2  0  cwnd_ 17.098
17.47891 0  0  2  0  cwnd_ 17.157
17.48891 0  0  2  0  cwnd_ 17.215
17.49891 0  0  2  0  cwnd_ 17.273
17.50891 0  0  2  0  cwnd_ 17.331
17.51891 0  0  2  0  cwnd_ 17.389
17.52891 0  0  2  0  cwnd_ 17.446
17.53891 0  0  2  0  cwnd_ 17.504
17.54891 0  0  2  0  cwnd_ 17.561
17.55891 0  0  2  0  cwnd_ 17.618
17.56891 0  0  2  0  cwnd_ 17.675
17.57891 0  0  2  0  cwnd_ 17.731
17.58891 0  0  2  0  cwnd_ 17.787
17.59891 0  0  2  0  cwnd_ 17.844
17.60891 0  0  2  0  cwnd_ 17.900
17.61891 0  0  2  0  cwnd_ 17.956
17.62891 0  0  2  0  cwnd_ 18.011
17.63891 0  0  2  0  cwnd_ 18.067
17.64891 0  0  2  0  cwnd_ 18.122
17.65891 0  0  2  0  cwnd_ 18.177
17.66891 0  0  2  0  cwnd_ 18.232
17.67891 0  0  2  0  cwnd_ 18.287
17.68891 0  0  2  0  cwnd_ 18.342
17.69891 0  0  2  0  cwnd_ 18.396
17.70891 0  0  2  0  cwnd_ 18.451
17.71891 0  0  2  0  cwnd_ 18.505
17.72891 0  0  2  0  cwnd_ 18.559
17.73891 0  0  2  0  cwnd_ 18.613
17.74891 0  0  2  0  cwnd_ 18.667
17.75891 0  0  2  0  cwnd_ 18.720
17.76891 0  0  2  0  cwnd_ 18.774
17.77891 0  0  2  0  cwnd_ 18.827
17.78891 0  0  2  0  cwnd_ 18.880
17.79891 0  0  2  0  cwnd_ 18.933
17.80891 0  0  2  0  cwnd_ 18.986
17.81891 0  0  2  0  cwnd_ 19.038
17.82891 0  0  2  0  cwnd_ 19.091
17.83891 0  0  2  0  cwnd_ 19.143
17.84891 0  0  2  0  cwnd_ 19.196
17.85891 0  0  2  0  cwnd_ 19.248
17.86891 0  0  2  0  cwnd_ 19.300
17.87891 0  0  2  0  cwnd_ 19.351
17.88891 0  0  2  0  cwnd_ 19.403
17.89891 0  0  2  0  cwnd_ 19.455
17.90891 0  0  2  0  cwnd_ 19.506
17.91891 0  0  2  0  cwnd_ 19.557
17.92891 0  0  2  0  cwnd_ 19.608
17.93891 0  0  2  0  cwnd_ 19.659
17.94891 0  0  2  0  cwnd_ 19.710
17.95891 0  0  2  0  cwnd_ 19.761
17.96891 0  0  2  0  cwnd_ 19.812
17.97891 0  0  2  0  cwnd_ 19.862
17.98891 0  0  2  0  cwnd_ 19.912
17.99891 0  0  2  0  cwnd_ 19.963
18.00891 0  0  2  0  cwnd_ 20.013
18.01891 0  0  2  0  cwnd_ 20.063
18.02891 0  0  2  0  cwnd_ 20.113
18.03891 0  0  2  0  cwnd_ 20.162
18.04891 0  0  2  0  cwnd_ 20.212
18.05891 0  0  2  0  cwnd_ 20.261
18.06891 0  0  2  0  cwnd_ 20.311
18.07891 0  0  2  0  cwnd_ 20.360
18.08891 0  0  2  0  cwnd_ 20.409
18.09891 0  0  2  0  cwnd_ 20.458
18.10891 0  0  2  0  cwnd_ 20.507
18.11891 0  0  2  0  cwnd_ 20.556
18.12891 0  0  2  0  cwnd_ 20.604
18.13891 0  0  2  0  cwnd_ 20.653
18.14891 0  0  2  0  cwnd_ 20.701
18.15891 0  0  2  0  cwnd_ 20.750
18.16891 0  0  2  0  cwnd_ 20.798
18.17891 0  0  2  0  cwnd_ 20.846
18.18891 0  0  2  0  cwnd_ 20.894
18.19891 0  0  2  0  cwnd_ 20.942
18.20891 0  0  2  0  cwnd_ 20.990
18.21891 0  0  2  0  cwnd_ 21.037
18.22891 0  0  2  0  cwnd_ 21.085
18.23891 0  0  2  0  cwnd_ 21.132
18.24891 0  0  2  0  cwnd_ 21.179
18.25891 0  0  2  0  cwnd_ 21.227
18.26891 0  0  2  0  cwnd_ 21.274
18.27891 0  0  2  0  cwnd_ 21.321
18.28891 0  0  2  0  cwnd_ 21.368
18.29891 0  0  2  0  cwnd_ 21.414
18.30891 0  0  2  0  cwnd_ 21.461
18.31891 0  0  2  0  cwnd_ 21.508
18.32891 0  0  2  0  cwnd_ 21.554
18.33891 0  0  2  0  cwnd_ 21.601
18.34891 0  0  2  0  cwnd_ 21.647
18.35891 0  0  2  0  cwnd_ 21.693
18.36891 0  0  2  0  cwnd_ 21.739
18.37891 0  0  2  0  cwnd_ 21.785
18.38891 0  0  2  0  cwnd_ 21.831
18.39891 0  0  2  0  cwnd_ 21.877
18.40891 0  0  2  0  cwnd_ 21.923
18.41891 0  0  2  0  cwnd_ 21.968
18.42891 0  0  2  0  cwnd_ 22.014
18.43891 0  0  2  0  cwnd_ 22.059
18.44891 0  0  2  0  cwnd_ 22.105
18.45891 0  0  2  0  cwnd_ 22.150
18.46891 0  0  2  0  cwnd_ 22.195
18.47891 0  0  2  0  cwnd_ 22.240
18.48891 0  0  2  0  cwnd_ 22.285
18.49891 0  0  2  0  cwnd_ 22.330
18.50891 0  0  2  0  cwnd_ 22.375
18.51891 0  0  2  0  cwnd_ 22.419
18.52891 0  0  2  0  cwnd_ 22.464
18.53891 0  0  2  0  cwnd_ 22.508
18.54891 0  0  2  0  cwnd_ 22.553
18.55891 0  0  2  0  cwnd_ 22.597
18.56891 0  0  2  0  cwnd_ 22.641
18.57891 0  0  2  0  cwnd_ 22.686
18.58891 0  0  2  0  cwnd_ 22.730
18.59891 0  0  2  0  cwnd_ 22.774
18.60891 0  0  2  0  cwnd_ 22.818
18.61891 0  0  2  0  cwnd_ 22.861
18.62891 0  0  2  0  cwnd_ 22.905
18.63891 0  0  2  0  cwnd_ 22.949
18.64891 0  0  2  0  cwnd_ 22.992
18.65891 0  0  2  0  cwnd_ 23.036
18.66891 0  0  2  0  cwnd_ 23.079
18.67891 0  0  2  0  cwnd_ 23.123
18.68891 0  0  2  0  cwnd_ 23.166
18.69891 0  0  2  0  cwnd_ 23.209
18.70891 0  0  2  0  cwnd_ 23.252
18.71891 0  0  2  0  cwnd_ 23.295
18.72891 0  0  2  0  cwnd_ 23.338
18.73891 0  0  2  0  cwnd_ 23.381
18.74891 0  0  2  0  cwnd_ 23.424
18.75891 0  0  2  0  cwnd_ 23.466
18.76891 0  0  2  0  cwnd_ 23.509
18.77891 0  0  2  0  cwnd_ 23.552
18.78891 0  0  2  0  cwnd_ 23.594
18.79891 0  0  2  0  cwnd_ 23.636
18.80891 0  0  2  0  cwnd_ 23.679
18.81891 0  0  2  0  cwnd_ 23.721
18.82891 0  0  2  0  cwnd_ 23.763
18.83891 0  0  2  0  cwnd_ 23.805
18.84891 0  0  2  0  cwnd_ 23.847
18.85891 0  0  2  0  cwnd_ 23.889
18.86891 0  0  2  0  cwnd_ 23.931
18.87891 0  0  2  0  cwnd_ 23.973
18.88891 0  0  2  0  cwnd_ 24.014
18.89891 0  0  2  0  cwnd_ 24.056
18.90891 0  0  2  0  cwnd_ 24.098
18.91891 0  0  2  0  cwnd_ 24.139
18.92891 0  0  2  0  cwnd_ 24.181
18.93891 0  0  2  0  cwnd_ 24.222
18.94891 0  0  2  0  cwnd_ 24.263
18.95891 0  0  2  0  cwnd_ 24.304
18.96891 0  0  2  0  cwnd_ 24.346
18.97891 0  0  2  0  cwnd_ 24.387
18.98891 0  0  2  0  cwnd_ 24.428
18.99891 0  0  2  0  cwnd_ 24.469
19.00891 0  0  2  0  cwnd_ 24.509
19.01891 0  0  2  0  cwnd_ 24.550
19.02891 0  0  2  0  cwnd_ 24.591
19.03891 0  0  2  0  cwnd_ 24.632
19.04891 0  0  2  0  cwnd_ 24.672
19.05891 0  0  2  0  cwnd_ 24.713
19.06891 0  0  2  0  cwnd_ 24.753
19.07891 0  0  2  0  cwnd_ 24.794
19.08891 0  0  2  0  cwnd_ 24.834
19.09891 0  0  2  0  cwnd_ 24.874
19.10891 0  0  2  0  cwnd_ 24.914
19.11891 0  0  2  0  cwnd_ 24.955
19.12891 0  0  2  0  cwnd_ 24.995
19.13891 0  0  2  0  cwnd_ 25.035
19.14891 0  0  2  0  cwnd_ 25.075
19.15891 0  0  2  0  cwnd_ 25.115
19.16891 0  0  2  0  cwnd_ 25.154
19.17891 0  0  2  0  cwnd_ 25.194
19.18891 0  0  2  0  cwnd_ 25.234
19.19891 0  0  2  0  cwnd_ 25.273
19.20891 0  0  2  0  cwnd_ 25.313
19.21891 0  0  2  0  cwnd_ 25.353
19.22891 0  0  2  0  cwnd_ 25.392
19.23891 0  0  2  0  cwnd_ 25.431
19.24891 0  0  2  0  cwnd_ 25.471
19.25891 0  0  2  0  cwnd_ 25.510
19.26891 0  0  2  0  cwnd_ 25.549
19.27891 0  0  2  0  cwnd_ 25.588
19.28891 0  0  2  0  cwnd_ 25.627
19.29891 0  0  2  0  cwnd_ 25.666
19.30891 0  0  2  0  cwnd_ 25.705
19.31891 0  0  2  0  cwnd_ 25.744
19.32891 0  0  2  0  cwnd_ 25.783
19.33891 0  0  2  0  cwnd_ 25.822
19.34891 0  0  2  0  cwnd_ 25.861
19.35891 0  0  2  0  cwnd_ 25.899
19.36891 0  0  2  0  cwnd_ 25.938
19.37891 0  0  2  0  cwnd_ 25.976
19.40891 0  0  2  0  cwnd_ 1.000 
19.64891 0  0  2  0  cwnd_ 2.000 
19.78014 0  0  2  0  cwnd_ 3.000 
19.79014 0  0  2  0  cwnd_ 4.000 
19.91138 0  0  2  0  cwnd_ 5.000 
19.92138 0  0  2  0  cwnd_ 6.000 
19.93138 0  0  2  0  cwnd_ 7.000 
19.94138 0  0  2  0  cwnd_ 8.000 
